112
252
1 2 1
1 3 1
2 3 3
2 4 1
2 5 1
3 5 1
3 6 1
4 5 3
4 7 1
4 8 1
5 6 3
5 8 1
5 9 1
6 9 1
6 10 1
7 8 3
7 11 1
7 12 1
8 9 3
8 12 1
8 13 1
9 10 3
9 13 1
9 14 1
10 14 1
10 15 1
11 12 3
11 16 1
11 17 1
12 13 3
12 17 1
12 18 1
13 14 3
13 18 1
13 19 1
14 15 3
14 19 1
14 20 1
15 20 1
15 21 1
16 17 3
16 22 1
16 23 1
17 18 3
17 23 1
17 24 1
18 19 3
18 24 1
18 25 1
19 20 3
19 25 1
19 26 1
20 21 3
20 26 1
20 27 1
21 27 1
21 28 1
22 23 3
23 24 3
24 25 3
25 26 3
26 27 3
27 28 3
29 30 1
29 31 1
30 31 3
30 32 1
30 33 1
31 33 1
31 34 1
32 33 3
32 35 1
32 36 1
33 34 3
33 36 1
33 37 1
34 37 1
34 38 1
35 36 3
35 39 1
35 40 1
36 37 3
36 40 1
36 41 1
37 38 3
37 41 1
37 42 1
38 42 1
38 43 1
39 40 3
39 44 1
39 45 1
40 41 3
40 45 1
40 46 1
41 42 3
41 46 1
41 47 1
42 43 3
42 47 1
42 48 1
43 48 1
43 49 1
44 45 3
44 50 1
44 51 1
45 46 3
45 51 1
45 52 1
46 47 3
46 52 1
46 53 1
47 48 3
47 53 1
47 54 1
48 49 3
48 54 1
48 55 1
49 55 1
49 56 1
50 51 3
51 52 3
52 53 3
53 54 3
54 55 3
55 56 3
57 58 1
57 59 1
58 59 3
58 60 1
58 61 1
59 61 1
59 62 1
60 61 3
60 63 1
60 64 1
61 62 3
61 64 1
61 65 1
62 65 1
62 66 1
63 64 3
63 67 1
63 68 1
64 65 3
64 68 1
64 69 1
65 66 3
65 69 1
65 70 1
66 70 1
66 71 1
67 68 3
67 72 1
67 73 1
68 69 3
68 73 1
68 74 1
69 70 3
69 74 1
69 75 1
70 71 3
70 75 1
70 76 1
71 76 1
71 77 1
72 73 3
72 78 1
72 79 1
73 74 3
73 79 1
73 80 1
74 75 3
74 80 1
74 81 1
75 76 3
75 81 1
75 82 1
76 77 3
76 82 1
76 83 1
77 83 1
77 84 1
78 79 3
79 80 3
80 81 3
81 82 3
82 83 3
83 84 3
85 86 1
85 87 1
86 87 3
86 88 1
86 89 1
87 89 1
87 90 1
88 89 3
88 91 1
88 92 1
89 90 3
89 92 1
89 93 1
90 93 1
90 94 1
91 92 3
91 95 1
91 96 1
92 93 3
92 96 1
92 97 1
93 94 3
93 97 1
93 98 1
94 98 1
94 99 1
95 96 3
95 100 1
95 101 1
96 97 3
96 101 1
96 102 1
97 98 3
97 102 1
97 103 1
98 99 3
98 103 1
98 104 1
99 104 1
99 105 1
100 101 3
100 106 1
100 107 1
101 102 3
101 107 1
101 108 1
102 103 3
102 108 1
102 109 1
103 104 3
103 109 1
103 110 1
104 105 3
104 110 1
104 111 1
105 111 1
105 112 1
106 107 3
107 108 3
108 109 3
109 110 3
110 111 3
111 112 3
