60
120
1 2 1
1 3 1
2 3 3
2 4 1
2 5 1
3 5 1
3 6 1
4 5 3
4 7 1
4 8 1
5 6 3
5 8 1
5 9 1
6 9 1
6 10 1
7 8 3
7 11 1
7 12 1
8 9 3
8 12 1
8 13 1
9 10 3
9 13 1
9 14 1
10 14 1
10 15 1
11 12 3
12 13 3
13 14 3
14 15 3
16 17 1
16 18 1
17 18 3
17 19 1
17 20 1
18 20 1
18 21 1
19 20 3
19 22 1
19 23 1
20 21 3
20 23 1
20 24 1
21 24 1
21 25 1
22 23 3
22 26 1
22 27 1
23 24 3
23 27 1
23 28 1
24 25 3
24 28 1
24 29 1
25 29 1
25 30 1
26 27 3
27 28 3
28 29 3
29 30 3
31 32 1
31 33 1
32 33 3
32 34 1
32 35 1
33 35 1
33 36 1
34 35 3
34 37 1
34 38 1
35 36 3
35 38 1
35 39 1
36 39 1
36 40 1
37 38 3
37 41 1
37 42 1
38 39 3
38 42 1
38 43 1
39 40 3
39 43 1
39 44 1
40 44 1
40 45 1
41 42 3
42 43 3
43 44 3
44 45 3
46 47 1
46 48 1
47 48 3
47 49 1
47 50 1
48 50 1
48 51 1
49 50 3
49 52 1
49 53 1
50 51 3
50 53 1
50 54 1
51 54 1
51 55 1
52 53 3
52 56 1
52 57 1
53 54 3
53 57 1
53 58 1
54 55 3
54 58 1
54 59 1
55 59 1
55 60 1
56 57 3
57 58 3
58 59 3
59 60 3
