225
648
1 2 3
1 5 2
1 6 1
2 3 3
2 5 1
2 6 2
2 7 1
3 4 3
3 6 1
3 7 2
3 8 1
4 7 1
4 8 2
5 6 3
5 9 2
5 10 1
6 7 3
6 9 1
6 10 2
6 11 1
7 8 3
7 10 1
7 11 2
7 12 1
8 11 1
8 12 2
9 10 3
9 13 2
9 14 1
10 11 3
10 13 1
10 14 2
10 15 1
11 12 3
11 14 1
11 15 2
11 16 1
12 15 1
12 16 2
13 14 3
14 15 3
15 16 3
17 18 3
17 24 2
17 25 1
18 19 3
18 24 1
18 25 2
18 26 1
19 20 3
19 25 1
19 26 2
19 27 1
20 21 3
20 26 1
20 27 2
20 28 1
21 22 3
21 27 1
21 28 2
21 29 1
22 23 3
22 28 1
22 29 2
22 30 1
23 29 1
23 30 2
24 25 3
24 31 2
24 32 1
25 26 3
25 31 1
25 32 2
25 33 1
26 27 3
26 32 1
26 33 2
26 34 1
27 28 3
27 33 1
27 34 2
27 35 1
28 29 3
28 34 1
28 35 2
28 36 1
29 30 3
29 35 1
29 36 2
29 37 1
30 36 1
30 37 2
31 32 3
31 38 2
31 39 1
32 33 3
32 38 1
32 39 2
32 40 1
33 34 3
33 39 1
33 40 2
33 41 1
34 35 3
34 40 1
34 41 2
34 42 1
35 36 3
35 41 1
35 42 2
35 43 1
36 37 3
36 42 1
36 43 2
36 44 1
37 43 1
37 44 2
38 39 3
39 40 3
40 41 3
41 42 3
42 43 3
43 44 3
45 46 3
45 49 2
45 50 1
46 47 3
46 49 1
46 50 2
46 51 1
47 48 3
47 50 1
47 51 2
47 52 1
48 51 1
48 52 2
49 50 3
49 53 2
49 54 1
50 51 3
50 53 1
50 54 2
50 55 1
51 52 3
51 54 1
51 55 2
51 56 1
52 55 1
52 56 2
53 54 3
53 57 2
53 58 1
54 55 3
54 57 1
54 58 2
54 59 1
55 56 3
55 58 1
55 59 2
55 60 1
56 59 1
56 60 2
57 58 3
58 59 3
59 60 3
61 62 3
61 65 2
61 66 1
62 63 3
62 65 1
62 66 2
62 67 1
63 64 3
63 66 1
63 67 2
63 68 1
64 67 1
64 68 2
65 66 3
65 69 2
65 70 1
66 67 3
66 69 1
66 70 2
66 71 1
67 68 3
67 70 1
67 71 2
67 72 1
68 71 1
68 72 2
69 70 3
69 73 2
69 74 1
70 71 3
70 73 1
70 74 2
70 75 1
71 72 3
71 74 1
71 75 2
71 76 1
72 75 1
72 76 2
73 74 3
73 77 2
73 78 1
74 75 3
74 77 1
74 78 2
74 79 1
75 76 3
75 78 1
75 79 2
75 80 1
76 79 1
76 80 2
77 78 3
77 81 2
77 82 1
78 79 3
78 81 1
78 82 2
78 83 1
79 80 3
79 82 1
79 83 2
79 84 1
80 83 1
80 84 2
81 82 3
81 85 2
81 86 1
82 83 3
82 85 1
82 86 2
82 87 1
83 84 3
83 86 1
83 87 2
83 88 1
84 87 1
84 88 2
85 86 3
86 87 3
87 88 3
89 90 3
89 96 2
89 97 1
90 91 3
90 96 1
90 97 2
90 98 1
91 92 3
91 97 1
91 98 2
91 99 1
92 93 3
92 98 1
92 99 2
92 100 1
93 94 3
93 99 1
93 100 2
93 101 1
94 95 3
94 100 1
94 101 2
94 102 1
95 101 1
95 102 2
96 97 3
96 103 2
96 104 1
97 98 3
97 103 1
97 104 2
97 105 1
98 99 3
98 104 1
98 105 2
98 106 1
99 100 3
99 105 1
99 106 2
99 107 1
100 101 3
100 106 1
100 107 2
100 108 1
101 102 3
101 107 1
101 108 2
101 109 1
102 108 1
102 109 2
103 104 3
103 110 2
103 111 1
104 105 3
104 110 1
104 111 2
104 112 1
105 106 3
105 111 1
105 112 2
105 113 1
106 107 3
106 112 1
106 113 2
106 114 1
107 108 3
107 113 1
107 114 2
107 115 1
108 109 3
108 114 1
108 115 2
108 116 1
109 115 1
109 116 2
110 111 3
110 117 2
110 118 1
111 112 3
111 117 1
111 118 2
111 119 1
112 113 3
112 118 1
112 119 2
112 120 1
113 114 3
113 119 1
113 120 2
113 121 1
114 115 3
114 120 1
114 121 2
114 122 1
115 116 3
115 121 1
115 122 2
115 123 1
116 122 1
116 123 2
117 118 3
117 124 2
117 125 1
118 119 3
118 124 1
118 125 2
118 126 1
119 120 3
119 125 1
119 126 2
119 127 1
120 121 3
120 126 1
120 127 2
120 128 1
121 122 3
121 127 1
121 128 2
121 129 1
122 123 3
122 128 1
122 129 2
122 130 1
123 129 1
123 130 2
124 125 3
124 131 2
124 132 1
125 126 3
125 131 1
125 132 2
125 133 1
126 127 3
126 132 1
126 133 2
126 134 1
127 128 3
127 133 1
127 134 2
127 135 1
128 129 3
128 134 1
128 135 2
128 136 1
129 130 3
129 135 1
129 136 2
129 137 1
130 136 1
130 137 2
131 132 3
132 133 3
133 134 3
134 135 3
135 136 3
136 137 3
138 139 3
138 142 2
138 143 1
139 140 3
139 142 1
139 143 2
139 144 1
140 141 3
140 143 1
140 144 2
140 145 1
141 144 1
141 145 2
142 143 3
142 146 2
142 147 1
143 144 3
143 146 1
143 147 2
143 148 1
144 145 3
144 147 1
144 148 2
144 149 1
145 148 1
145 149 2
146 147 3
146 150 2
146 151 1
147 148 3
147 150 1
147 151 2
147 152 1
148 149 3
148 151 1
148 152 2
148 153 1
149 152 1
149 153 2
150 151 3
150 154 2
150 155 1
151 152 3
151 154 1
151 155 2
151 156 1
152 153 3
152 155 1
152 156 2
152 157 1
153 156 1
153 157 2
154 155 3
154 158 2
154 159 1
155 156 3
155 158 1
155 159 2
155 160 1
156 157 3
156 159 1
156 160 2
156 161 1
157 160 1
157 161 2
158 159 3
158 162 2
158 163 1
159 160 3
159 162 1
159 163 2
159 164 1
160 161 3
160 163 1
160 164 2
160 165 1
161 164 1
161 165 2
162 163 3
163 164 3
164 165 3
166 167 3
166 170 2
166 171 1
167 168 3
167 170 1
167 171 2
167 172 1
168 169 3
168 171 1
168 172 2
168 173 1
169 172 1
169 173 2
170 171 3
170 174 2
170 175 1
171 172 3
171 174 1
171 175 2
171 176 1
172 173 3
172 175 1
172 176 2
172 177 1
173 176 1
173 177 2
174 175 3
174 178 2
174 179 1
175 176 3
175 178 1
175 179 2
175 180 1
176 177 3
176 179 1
176 180 2
176 181 1
177 180 1
177 181 2
178 179 3
179 180 3
180 181 3
182 183 3
182 189 2
182 190 1
183 184 3
183 189 1
183 190 2
183 191 1
184 185 3
184 190 1
184 191 2
184 192 1
185 186 3
185 191 1
185 192 2
185 193 1
186 187 3
186 192 1
186 193 2
186 194 1
187 188 3
187 193 1
187 194 2
187 195 1
188 194 1
188 195 2
189 190 3
189 196 2
189 197 1
190 191 3
190 196 1
190 197 2
190 198 1
191 192 3
191 197 1
191 198 2
191 199 1
192 193 3
192 198 1
192 199 2
192 200 1
193 194 3
193 199 1
193 200 2
193 201 1
194 195 3
194 200 1
194 201 2
194 202 1
195 201 1
195 202 2
196 197 3
196 203 2
196 204 1
197 198 3
197 203 1
197 204 2
197 205 1
198 199 3
198 204 1
198 205 2
198 206 1
199 200 3
199 205 1
199 206 2
199 207 1
200 201 3
200 206 1
200 207 2
200 208 1
201 202 3
201 207 1
201 208 2
201 209 1
202 208 1
202 209 2
203 204 3
204 205 3
205 206 3
206 207 3
207 208 3
208 209 3
210 211 3
210 214 2
210 215 1
211 212 3
211 214 1
211 215 2
211 216 1
212 213 3
212 215 1
212 216 2
212 217 1
213 216 1
213 217 2
214 215 3
214 218 2
214 219 1
215 216 3
215 218 1
215 219 2
215 220 1
216 217 3
216 219 1
216 220 2
216 221 1
217 220 1
217 221 2
218 219 3
218 222 2
218 223 1
219 220 3
219 222 1
219 223 2
219 224 1
220 221 3
220 223 1
220 224 2
220 225 1
221 224 1
221 225 2
222 223 3
223 224 3
224 225 3
