100
2598
18 2
18 52
18 90
18 99
18 4
18 65
18 48
18 11
18 70
18 32
18 21
18 47
18 42
18 88
18 3
18 28
18 45
18 5
18 9
18 29
18 77
18 82
18 57
18 39
18 8
18 74
18 79
18 68
18 62
18 34
18 20
18 96
18 81
18 14
18 86
18 27
18 36
18 43
18 7
18 1
18 54
18 73
18 92
18 49
18 51
18 10
18 87
18 38
18 33
18 12
18 100
18 80
18 61
18 44
18 95
2 52
2 90
2 99
2 76
2 4
2 66
2 37
2 25
2 65
2 32
2 21
2 42
2 40
2 26
2 89
2 28
2 45
2 5
2 77
2 72
2 82
2 74
2 79
2 17
2 96
2 86
2 36
2 56
2 43
2 7
2 1
2 50
2 53
2 15
2 54
2 67
2 83
2 55
2 73
2 16
2 51
2 12
2 93
2 80
2 41
2 61
52 90
52 4
52 66
52 37
52 25
52 65
52 11
52 32
52 47
52 42
52 40
52 26
52 94
52 3
52 89
52 28
52 45
52 29
52 77
52 91
52 82
52 57
52 74
52 79
52 68
52 17
52 34
52 96
52 81
52 86
52 59
52 36
52 84
52 56
52 43
52 54
52 19
52 83
52 78
52 73
52 92
52 16
52 51
52 31
52 87
52 38
52 33
52 12
52 93
52 58
52 80
52 41
52 61
52 6
90 99
90 76
90 4
90 66
90 37
90 25
90 65
90 23
90 71
90 32
90 64
90 21
90 47
90 42
90 26
90 94
90 89
90 28
90 45
90 5
90 72
90 82
90 57
90 34
90 22
90 81
90 14
90 63
90 13
90 60
90 36
90 56
90 7
90 1
90 50
90 54
90 55
90 92
90 49
90 51
90 31
90 100
90 93
90 35
90 61
99 4
99 66
99 37
99 25
99 23
99 71
99 48
99 11
99 32
99 21
99 47
99 42
99 40
99 88
99 26
99 94
99 3
99 89
99 28
99 45
99 9
99 77
99 72
99 57
99 39
99 74
99 62
99 17
99 34
99 22
99 20
99 14
99 75
99 86
99 59
99 60
99 36
99 84
99 56
99 7
99 1
99 53
99 54
99 83
99 78
99 69
99 92
99 49
99 87
99 38
99 33
99 100
99 93
99 58
99 41
99 61
99 46
76 4
76 25
76 65
76 23
76 71
76 48
76 32
76 47
76 40
76 3
76 45
76 5
76 9
76 72
76 91
76 57
76 98
76 79
76 68
76 62
76 20
76 14
76 13
76 27
76 60
76 84
76 43
76 54
76 67
76 83
76 78
76 73
76 49
76 85
76 10
76 31
76 87
76 38
76 33
76 100
76 58
76 35
76 46
76 97
76 44
76 95
4 37
4 25
4 23
4 48
4 70
4 32
4 64
4 21
4 42
4 40
4 88
4 3
4 89
4 28
4 45
4 9
4 29
4 77
4 72
4 91
4 57
4 39
4 98
4 74
4 30
4 34
4 81
4 75
4 13
4 59
4 27
4 36
4 84
4 53
4 15
4 54
4 83
4 78
4 69
4 16
4 49
4 85
4 51
4 87
4 38
4 33
4 12
4 93
4 41
4 35
4 97
4 44
4 95
66 37
66 25
66 65
66 23
66 48
66 11
66 70
66 42
66 40
66 26
66 94
66 3
66 28
66 45
66 9
66 29
66 91
66 57
66 79
66 30
66 68
66 62
66 34
66 22
66 96
66 63
66 86
66 59
66 56
66 50
66 53
66 78
66 69
66 55
66 92
66 16
66 49
66 51
66 31
66 87
66 38
66 33
66 12
66 100
66 93
66 80
66 41
66 35
66 61
66 46
66 97
66 95
66 6
37 25
37 65
37 23
37 48
37 11
37 21
37 47
37 40
37 88
37 26
37 28
37 45
37 5
37 9
37 77
37 57
37 98
37 8
37 74
37 68
37 17
37 34
37 96
37 14
37 75
37 86
37 59
37 60
37 36
37 50
37 15
37 54
37 67
37 83
37 78
37 55
37 73
37 92
37 49
37 10
37 58
37 80
37 41
37 46
37 24
37 44
37 95
25 65
25 23
25 71
25 48
25 11
25 70
25 32
25 64
25 21
25 47
25 40
25 88
25 26
25 94
25 3
25 89
25 28
25 45
25 9
25 29
25 77
25 72
25 91
25 57
25 39
25 74
25 30
25 62
25 17
25 34
25 22
25 59
25 36
25 56
25 43
25 53
25 15
25 54
25 67
25 55
25 16
25 85
25 51
25 38
25 33
25 58
25 80
25 41
25 35
25 46
25 97
25 95
25 6
65 48
65 64
65 21
65 47
65 40
65 88
65 26
65 94
65 89
65 45
65 5
65 29
65 77
65 72
65 82
65 98
65 8
65 79
65 62
65 34
65 81
65 75
65 63
65 13
65 59
65 27
65 60
65 36
65 1
65 15
65 54
65 19
65 67
65 83
65 78
65 69
65 73
65 49
65 51
65 38
65 33
65 12
65 61
65 46
65 24
65 95
23 71
23 48
23 11
23 70
23 21
23 47
23 42
23 40
23 26
23 94
23 3
23 89
23 28
23 45
23 29
23 77
23 72
23 82
23 57
23 39
23 98
23 8
23 30
23 68
23 22
23 20
23 63
23 59
23 27
23 60
23 36
23 56
23 53
23 54
23 19
23 78
23 55
23 92
23 85
23 51
23 10
23 31
23 38
23 12
23 100
23 80
23 41
23 35
23 61
23 24
71 48
71 11
71 70
71 32
71 47
71 40
71 88
71 3
71 89
71 28
71 45
71 9
71 77
71 91
71 57
71 98
71 8
71 74
71 79
71 68
71 34
71 20
71 96
71 81
71 7
71 50
71 15
71 54
71 19
71 83
71 69
71 55
71 73
71 92
71 85
71 38
71 33
71 93
71 46
48 70
48 32
48 64
48 21
48 47
48 40
48 88
48 94
48 3
48 89
48 28
48 45
48 29
48 77
48 72
48 82
48 98
48 8
48 30
48 34
48 22
48 20
48 81
48 14
48 75
48 13
48 27
48 60
48 36
48 84
48 56
48 43
48 50
48 15
48 19
48 78
48 69
48 73
48 49
48 85
48 51
48 10
48 31
48 38
48 12
48 100
48 93
48 80
48 41
48 61
48 46
48 24
48 95
11 32
11 40
11 88
11 94
11 3
11 28
11 9
11 77
11 72
11 91
11 57
11 98
11 74
11 79
11 30
11 68
11 62
11 34
11 20
11 81
11 14
11 75
11 63
11 59
11 84
11 7
11 54
11 19
11 67
11 83
11 78
11 69
11 16
11 49
11 51
11 10
11 38
11 33
11 100
11 93
11 61
11 46
11 97
11 95
70 47
70 42
70 88
70 26
70 28
70 9
70 77
70 72
70 91
70 82
70 57
70 39
70 98
70 8
70 79
70 62
70 81
70 14
70 13
70 86
70 59
70 36
70 84
70 56
70 43
70 7
70 53
70 54
70 55
70 73
70 49
70 85
70 51
70 10
70 87
70 38
70 33
70 58
70 61
70 97
70 44
70 95
70 6
32 40
32 26
32 94
32 3
32 28
32 45
32 5
32 77
32 72
32 91
32 57
32 98
32 30
32 68
32 34
32 20
32 96
32 81
32 14
32 13
32 59
32 27
32 36
32 84
32 56
32 43
32 7
32 1
32 53
32 54
32 19
32 67
32 83
32 78
32 55
32 16
32 85
32 51
32 10
32 33
32 12
32 100
32 93
32 58
32 41
32 35
32 46
32 24
32 97
32 95
64 47
64 42
64 26
64 3
64 89
64 45
64 72
64 91
64 82
64 74
64 79
64 30
64 68
64 62
64 17
64 34
64 22
64 14
64 27
64 36
64 56
64 7
64 50
64 15
64 54
64 19
64 67
64 78
64 69
64 49
64 85
64 51
64 10
64 12
64 80
64 41
64 35
64 44
64 95
64 6
21 47
21 42
21 94
21 3
21 89
21 28
21 45
21 9
21 29
21 77
21 91
21 82
21 39
21 79
21 30
21 68
21 62
21 22
21 20
21 96
21 81
21 14
21 75
21 63
21 59
21 1
21 50
21 54
21 19
21 67
21 83
21 78
21 55
21 73
21 92
21 16
21 49
21 85
21 10
21 31
21 38
21 80
21 61
21 97
21 44
21 95
21 6
47 42
47 26
47 28
47 45
47 29
47 77
47 72
47 91
47 82
47 57
47 8
47 74
47 79
47 30
47 68
47 62
47 34
47 20
47 96
47 81
47 14
47 63
47 60
47 56
47 1
47 53
47 15
47 67
47 83
47 92
47 16
47 85
47 51
47 10
47 38
47 100
47 58
47 80
47 61
47 24
42 40
42 26
42 94
42 45
42 9
42 29
42 77
42 82
42 39
42 98
42 8
42 68
42 17
42 34
42 96
42 81
42 63
42 86
42 27
42 7
42 69
42 55
42 92
42 49
42 51
42 87
42 38
42 33
42 12
42 93
42 80
42 35
42 46
42 97
42 95
42 6
40 94
40 3
40 89
40 28
40 45
40 5
40 9
40 29
40 72
40 91
40 82
40 57
40 98
40 79
40 30
40 34
40 22
40 20
40 60
40 36
40 84
40 43
40 50
40 53
40 54
40 67
40 55
40 92
40 85
40 10
40 38
40 93
40 58
40 80
40 35
40 61
40 97
40 95
88 26
88 94
88 3
88 28
88 45
88 91
88 39
88 8
88 68
88 62
88 34
88 20
88 96
88 81
88 14
88 13
88 86
88 27
88 60
88 36
88 43
88 50
88 15
88 19
88 67
88 83
88 78
88 55
88 73
88 92
88 85
88 31
88 87
88 12
88 58
88 97
88 44
88 6
26 89
26 28
26 45
26 5
26 9
26 29
26 77
26 57
26 39
26 98
26 8
26 74
26 79
26 68
26 34
26 20
26 81
26 14
26 75
26 63
26 86
26 27
26 60
26 84
26 1
26 53
26 15
26 54
26 19
26 78
26 55
26 85
26 51
26 31
26 38
26 100
26 93
26 58
26 80
26 41
26 35
26 46
26 24
26 97
26 44
26 95
94 89
94 28
94 5
94 9
94 29
94 77
94 72
94 57
94 39
94 8
94 68
94 62
94 34
94 22
94 20
94 96
94 81
94 14
94 27
94 36
94 84
94 56
94 43
94 15
94 78
94 49
94 85
94 51
94 31
94 87
94 12
94 100
94 93
94 41
94 35
94 61
94 46
94 24
94 44
94 6
3 89
3 28
3 45
3 9
3 77
3 72
3 91
3 57
3 74
3 79
3 68
3 62
3 34
3 22
3 14
3 60
3 36
3 84
3 7
3 1
3 50
3 15
3 54
3 19
3 78
3 69
3 55
3 92
3 49
3 85
3 51
3 31
3 33
3 12
3 93
3 35
3 61
3 97
3 44
3 95
3 6
89 5
89 9
89 77
89 91
89 82
89 57
89 98
89 74
89 79
89 68
89 17
89 20
89 96
89 75
89 86
89 84
89 7
89 50
89 54
89 83
89 55
89 16
89 33
89 100
89 80
89 35
89 24
28 45
28 9
28 29
28 77
28 72
28 91
28 57
28 39
28 8
28 62
28 20
28 14
28 13
28 59
28 60
28 36
28 84
28 1
28 53
28 54
28 19
28 67
28 69
28 85
28 51
28 10
28 87
28 33
28 58
28 41
28 35
28 46
28 97
45 9
45 29
45 77
45 91
45 57
45 98
45 74
45 34
45 22
45 20
45 14
45 63
45 59
45 27
45 84
45 7
45 1
45 15
45 54
45 83
45 78
45 73
45 92
45 16
45 49
45 38
45 12
45 100
45 93
45 80
45 46
45 97
45 95
45 6
5 9
5 29
5 77
5 91
5 74
5 30
5 17
5 34
5 96
5 14
5 75
5 63
5 13
5 59
5 60
5 36
5 43
5 7
5 67
5 83
5 78
5 55
5 73
5 92
5 16
5 85
5 51
5 31
5 87
5 12
5 100
5 58
5 80
5 35
5 61
5 24
5 44
5 6
9 29
9 77
9 91
9 39
9 98
9 8
9 74
9 30
9 68
9 22
9 20
9 96
9 14
9 75
9 59
9 36
9 43
9 1
9 83
9 69
9 92
9 16
9 49
9 10
9 31
9 87
9 33
9 100
9 41
9 35
9 24
9 97
9 44
9 95
9 6
29 72
29 91
29 57
29 39
29 98
29 8
29 79
29 30
29 68
29 34
29 22
29 96
29 81
29 75
29 63
29 13
29 86
29 36
29 56
29 53
29 15
29 54
29 19
29 49
29 85
29 51
29 33
29 100
29 93
29 80
29 35
29 61
29 44
29 6
77 72
77 91
77 82
77 57
77 8
77 79
77 62
77 17
77 22
77 20
77 96
77 13
77 59
77 60
77 1
77 50
77 53
77 15
77 54
77 55
77 73
77 16
77 49
77 31
77 33
77 93
77 58
77 41
77 35
77 46
77 24
77 97
72 82
72 57
72 39
72 8
72 79
72 68
72 62
72 17
72 34
72 22
72 20
72 81
72 14
72 86
72 60
72 56
72 43
72 7
72 1
72 50
72 53
72 15
72 54
72 67
72 55
72 73
72 16
72 49
72 85
72 51
72 33
72 12
72 41
72 61
72 24
72 44
91 98
91 8
91 74
91 30
91 62
91 17
91 22
91 20
91 96
91 81
91 13
91 86
91 7
91 1
91 15
91 78
91 69
91 55
91 73
91 92
91 16
91 49
91 85
91 51
91 31
91 87
91 33
91 12
91 93
91 58
91 80
91 41
91 35
91 44
91 6
82 57
82 98
82 8
82 79
82 30
82 17
82 34
82 20
82 96
82 75
82 59
82 27
82 60
82 56
82 1
82 50
82 53
82 54
82 19
82 67
82 16
82 85
82 10
82 38
82 12
82 100
82 35
82 61
82 24
57 98
57 8
57 74
57 79
57 34
57 22
57 20
57 96
57 75
57 63
57 13
57 59
57 27
57 60
57 36
57 84
57 56
57 7
57 54
57 19
57 67
57 83
57 78
57 55
57 73
57 92
57 16
57 49
57 85
57 51
57 10
57 38
57 33
57 58
57 61
57 46
57 97
57 6
39 79
39 30
39 62
39 96
39 81
39 14
39 75
39 63
39 13
39 86
39 59
39 60
39 36
39 84
39 56
39 7
39 1
39 54
39 19
39 73
39 92
39 16
39 49
39 85
39 51
39 10
39 31
39 87
39 33
39 93
39 58
39 80
39 41
39 35
39 61
39 24
39 97
39 95
39 6
98 74
98 79
98 62
98 22
98 20
98 96
98 81
98 14
98 75
98 63
98 13
98 36
98 84
98 7
98 15
98 67
98 83
98 78
98 55
98 49
98 85
98 51
98 87
98 33
98 12
98 100
98 93
98 58
98 80
98 41
98 97
98 6
8 74
8 68
8 62
8 17
8 34
8 22
8 20
8 75
8 63
8 13
8 86
8 27
8 60
8 36
8 56
8 43
8 53
8 83
8 78
8 55
8 16
8 49
8 87
8 33
8 93
8 58
8 41
8 46
8 24
8 97
8 6
74 79
74 30
74 68
74 17
74 22
74 96
74 81
74 14
74 63
74 13
74 59
74 27
74 36
74 84
74 56
74 43
74 7
74 1
74 50
74 15
74 19
74 67
74 83
74 78
74 69
74 55
74 85
74 10
74 31
74 33
74 41
74 97
74 95
74 6
79 30
79 62
79 17
79 34
79 22
79 96
79 13
79 86
79 27
79 60
79 56
79 7
79 1
79 53
79 15
79 54
79 19
79 67
79 73
79 16
79 10
79 31
79 33
79 80
79 97
79 6
30 68
30 62
30 20
30 81
30 75
30 63
30 13
30 59
30 27
30 36
30 56
30 1
30 53
30 15
30 54
30 19
30 67
30 83
30 85
30 51
30 31
30 87
30 33
30 12
30 100
30 93
30 41
30 46
30 97
30 44
30 95
30 6
68 62
68 17
68 34
68 22
68 20
68 96
68 81
68 75
68 63
68 59
68 27
68 84
68 56
68 43
68 7
68 50
68 15
68 69
68 55
68 16
68 85
68 87
68 93
68 41
68 35
68 61
68 46
68 44
68 95
62 17
62 20
62 96
62 81
62 63
62 27
62 60
62 84
62 50
62 19
62 67
62 16
62 49
62 51
62 10
62 31
62 38
62 93
62 41
62 46
62 6
17 22
17 20
17 81
17 63
17 13
17 59
17 60
17 43
17 7
17 1
17 50
17 53
17 54
17 19
17 67
17 78
17 16
17 49
17 51
17 31
17 87
17 38
17 33
17 93
17 58
17 80
17 61
17 24
17 6
34 22
34 20
34 96
34 81
34 86
34 59
34 27
34 60
34 36
34 84
34 56
34 7
34 1
34 50
34 53
34 15
34 69
34 55
34 49
34 51
34 10
34 87
34 38
34 33
34 12
34 58
34 41
34 35
34 61
34 46
34 97
34 44
34 6
22 20
22 96
22 81
22 75
22 86
22 59
22 60
22 36
22 56
22 43
22 1
22 53
22 15
22 54
22 67
22 69
22 55
22 92
22 16
22 49
22 85
22 51
22 31
22 87
22 38
22 12
22 100
22 93
22 58
22 44
22 6
20 96
20 14
20 75
20 86
20 59
20 27
20 60
20 36
20 84
20 56
20 43
20 7
20 53
20 15
20 19
20 67
20 83
20 69
20 55
20 92
20 49
20 87
20 12
20 58
20 41
20 35
20 61
96 81
96 14
96 86
96 59
96 27
96 36
96 84
96 56
96 43
96 1
96 53
96 15
96 54
96 19
96 83
96 55
96 85
96 51
96 31
96 87
96 33
96 12
96 100
96 58
96 61
96 46
96 24
96 97
96 44
81 14
81 75
81 63
81 13
81 59
81 60
81 36
81 84
81 56
81 43
81 7
81 54
81 67
81 69
81 73
81 16
81 51
81 87
81 38
81 12
81 100
81 58
81 61
81 46
81 24
81 6
14 75
14 86
14 59
14 27
14 60
14 36
14 56
14 7
14 1
14 53
14 15
14 54
14 19
14 67
14 83
14 55
14 73
14 49
14 85
14 51
14 38
14 33
14 12
14 58
14 41
14 35
14 24
75 86
75 27
75 60
75 36
75 84
75 1
75 53
75 19
75 55
75 73
75 85
75 10
75 31
75 87
75 38
75 12
75 100
75 93
75 35
75 61
75 46
75 95
63 86
63 36
63 56
63 43
63 1
63 19
63 67
63 78
63 69
63 55
63 73
63 31
63 33
63 12
63 100
63 80
63 35
63 61
63 46
63 24
63 97
63 6
13 59
13 27
13 43
13 7
13 1
13 50
13 54
13 19
13 83
13 55
13 73
13 92
13 16
13 85
13 31
13 87
13 33
13 46
13 24
13 6
86 59
86 60
86 84
86 7
86 50
86 53
86 15
86 54
86 67
86 83
86 69
86 49
86 85
86 51
86 10
86 33
86 100
86 35
86 61
86 46
86 24
86 97
86 44
86 95
59 36
59 84
59 56
59 1
59 50
59 53
59 15
59 54
59 19
59 78
59 73
59 92
59 16
59 49
59 85
59 38
59 33
59 100
59 93
59 80
59 41
59 35
59 61
59 44
59 6
27 36
27 84
27 56
27 43
27 50
27 53
27 19
27 67
27 83
27 78
27 55
27 73
27 92
27 16
27 49
27 85
27 51
27 31
27 12
27 93
27 35
27 24
27 6
60 36
60 84
60 43
60 1
60 83
60 55
60 31
60 12
60 100
60 58
60 80
60 61
60 44
60 95
60 6
36 84
36 56
36 43
36 15
36 19
36 83
36 78
36 69
36 55
36 92
36 49
36 51
36 10
36 12
36 100
36 93
36 58
36 80
36 35
36 61
36 44
36 6
84 56
84 1
84 53
84 54
84 67
84 83
84 69
84 16
84 49
84 51
84 10
84 31
84 87
84 93
84 58
84 46
84 24
84 44
84 6
56 43
56 1
56 50
56 54
56 19
56 78
56 69
56 55
56 73
56 92
56 16
56 49
56 85
56 33
56 12
56 93
56 58
56 46
56 44
43 15
43 67
43 78
43 55
43 92
43 38
43 33
43 93
43 41
43 97
43 44
43 6
7 1
7 53
7 54
7 67
7 83
7 78
7 69
7 16
7 49
7 51
7 38
7 100
7 93
7 41
7 35
7 97
7 44
1 50
1 53
1 54
1 19
1 67
1 83
1 69
1 55
1 73
1 49
1 85
1 38
1 33
1 100
1 93
1 80
1 61
1 46
1 24
1 97
1 44
1 95
1 6
50 15
50 54
50 19
50 55
50 73
50 85
50 31
50 38
50 33
50 93
50 58
50 80
50 44
50 6
53 15
53 67
53 78
53 73
53 92
53 16
53 49
53 10
53 31
53 87
53 93
53 58
53 80
53 41
53 35
53 61
53 46
53 24
53 97
53 44
53 95
53 6
15 54
15 67
15 83
15 55
15 73
15 51
15 87
15 33
15 12
15 80
15 35
15 6
54 78
54 69
54 73
54 16
54 85
54 51
54 10
54 31
54 87
54 38
54 33
54 12
54 58
54 35
54 61
54 46
54 24
54 97
54 44
54 95
19 67
19 78
19 69
19 55
19 73
19 92
19 85
19 51
19 31
19 38
19 12
19 100
19 93
19 58
19 80
19 41
19 46
19 24
67 78
67 73
67 92
67 16
67 85
67 51
67 33
67 12
67 100
67 58
67 80
67 24
67 97
67 95
67 6
83 69
83 73
83 49
83 85
83 31
83 38
83 93
83 58
83 41
83 35
83 46
83 97
83 44
83 95
78 69
78 73
78 92
78 16
78 49
78 85
78 51
78 31
78 38
78 58
78 35
78 61
78 46
78 97
78 6
69 73
69 92
69 16
69 49
69 85
69 51
69 31
69 100
69 61
69 46
69 24
69 97
69 44
55 92
55 49
55 85
55 51
55 10
55 31
55 38
55 12
55 93
55 41
55 35
55 97
55 95
73 92
73 16
73 38
73 12
73 100
73 93
73 58
73 35
73 61
73 46
73 44
73 95
92 51
92 10
92 87
92 38
92 33
92 41
92 24
92 44
16 49
16 10
16 31
16 87
16 12
16 93
16 58
16 41
16 35
16 61
16 24
16 97
49 10
49 31
49 87
49 38
49 93
49 58
49 24
49 97
49 44
49 95
49 6
85 10
85 31
85 87
85 38
85 33
85 12
85 41
85 61
85 97
85 44
85 95
85 6
51 10
51 31
51 12
51 93
51 58
51 80
51 35
51 46
51 97
51 44
51 95
51 6
10 87
10 38
10 12
10 93
10 58
10 80
10 41
10 46
10 24
10 97
31 38
31 33
31 93
31 41
31 61
31 24
31 97
31 6
87 12
87 100
87 41
87 24
87 44
38 33
38 12
38 80
38 41
38 35
38 61
38 24
38 44
33 93
33 58
33 41
33 35
33 61
33 97
33 44
33 95
12 100
12 93
12 58
12 80
12 41
12 35
12 46
12 24
12 95
12 6
100 58
100 80
100 35
100 46
100 97
93 58
93 80
93 41
93 35
93 61
93 46
93 24
93 97
93 95
93 6
58 80
58 35
58 61
58 46
58 24
58 97
58 95
58 6
80 24
80 95
80 6
41 35
41 46
41 24
41 44
41 6
35 61
35 46
35 44
35 95
61 24
46 44
46 95
46 6
24 44
24 95
24 6
97 44
97 6
44 6
95 6
