50
600
33 37
33 15
33 29
33 16
33 45
33 6
33 42
33 27
33 25
33 14
33 48
33 17
33 36
33 22
33 26
33 20
33 4
33 13
28 31
28 1
28 49
28 32
28 30
28 29
28 35
28 50
28 16
28 9
28 3
28 45
28 24
28 40
28 6
28 42
28 27
28 7
28 25
28 14
28 39
28 10
28 19
28 26
28 4
37 44
37 1
37 32
37 29
37 35
37 16
37 9
37 24
37 23
37 40
37 34
37 14
37 41
37 5
37 18
37 22
37 38
37 4
37 12
31 44
31 1
31 15
31 49
31 32
31 30
31 35
31 50
31 16
31 3
31 45
31 24
31 23
31 7
31 46
31 39
31 48
31 11
31 5
31 17
31 18
31 36
31 22
31 2
31 10
31 26
31 20
44 1
44 15
44 49
44 35
44 16
44 45
44 23
44 6
44 42
44 34
44 7
44 25
44 14
44 48
44 11
44 17
44 18
44 43
44 47
44 36
44 22
44 10
44 38
44 19
44 13
1 32
1 29
1 35
1 50
1 16
1 9
1 3
1 24
1 23
1 8
1 6
1 42
1 34
1 27
1 7
1 25
1 14
1 18
1 43
1 36
1 22
1 10
1 38
1 19
1 12
1 21
15 49
15 32
15 35
15 50
15 23
15 40
15 6
15 34
15 7
15 46
15 48
15 11
15 5
15 36
15 2
15 10
15 19
15 13
49 32
49 30
49 35
49 50
49 9
49 45
49 24
49 23
49 40
49 6
49 14
49 11
49 41
49 5
49 17
49 18
49 22
49 2
49 10
49 38
49 19
49 26
49 20
32 30
32 45
32 24
32 23
32 8
32 6
32 42
32 27
32 7
32 46
32 39
32 43
32 13
32 12
30 29
30 9
30 3
30 7
30 14
30 11
30 5
30 43
30 36
30 2
30 10
30 19
30 13
29 35
29 16
29 9
29 24
29 6
29 34
29 27
29 7
29 25
29 46
29 14
29 48
29 11
29 10
29 38
29 20
29 4
35 50
35 16
35 9
35 3
35 8
35 42
35 34
35 7
35 14
35 48
35 41
35 5
35 17
35 36
35 2
35 10
35 26
35 20
35 12
50 9
50 3
50 24
50 40
50 42
50 34
50 25
50 46
50 48
50 5
50 18
50 47
50 22
50 2
50 38
50 4
50 13
16 9
16 3
16 45
16 24
16 40
16 8
16 6
16 42
16 27
16 7
16 25
16 17
16 43
16 47
16 2
16 19
16 26
16 4
16 13
16 12
9 3
9 45
9 24
9 40
9 6
9 34
9 27
9 25
9 46
9 39
9 11
9 5
9 17
9 18
9 43
9 38
9 20
3 24
3 23
3 40
3 42
3 27
3 25
3 46
3 14
3 39
3 11
3 5
3 47
3 22
3 2
3 10
3 38
3 26
3 20
3 12
3 21
45 24
45 23
45 40
45 6
45 42
45 7
45 25
45 46
45 14
45 39
45 48
45 11
45 5
45 47
45 26
45 20
45 13
45 21
24 23
24 40
24 8
24 6
24 34
24 25
24 5
24 43
24 47
24 38
24 19
24 26
24 20
24 4
24 13
24 12
23 6
23 34
23 27
23 7
23 25
23 46
23 14
23 39
23 5
23 18
23 47
23 38
23 12
40 42
40 34
40 27
40 7
40 46
40 48
40 41
40 5
40 17
40 43
40 47
40 36
40 2
40 38
40 26
40 4
8 6
8 25
8 39
8 5
8 17
8 43
8 47
8 10
8 38
8 20
8 4
8 21
6 42
6 27
6 7
6 25
6 46
6 14
6 11
6 5
6 43
6 47
6 36
6 2
6 38
6 19
6 20
6 12
42 34
42 27
42 25
42 48
42 5
42 47
42 2
42 10
42 38
42 19
42 20
42 4
42 13
42 12
42 21
34 27
34 7
34 46
34 14
34 48
34 41
34 5
34 43
34 2
34 38
34 19
34 26
34 20
34 4
34 13
27 7
27 25
27 46
27 14
27 48
27 5
27 17
27 36
27 38
27 19
27 20
27 4
7 14
7 39
7 11
7 41
7 5
7 18
7 43
7 47
7 10
7 20
7 4
7 13
7 21
25 46
25 14
25 39
25 48
25 11
25 41
25 17
25 2
25 19
25 13
46 14
46 39
46 5
46 17
46 47
46 36
46 10
46 38
46 19
46 20
46 4
46 13
14 39
14 41
14 5
14 43
14 47
14 36
14 10
14 38
14 19
14 26
14 13
39 11
39 5
39 18
39 43
39 38
39 26
48 41
48 5
48 18
48 43
48 36
48 10
48 38
48 19
48 20
48 4
48 21
11 5
11 47
11 22
11 10
11 38
11 13
11 12
41 17
41 18
41 47
41 22
41 2
41 19
41 20
5 17
5 18
5 43
5 47
5 36
5 22
5 10
5 38
5 20
5 12
17 36
17 10
17 38
17 20
17 13
17 12
17 21
18 43
18 47
18 36
18 22
18 10
18 19
18 4
18 21
43 47
43 36
43 2
43 38
43 19
43 20
43 13
43 21
47 22
47 10
47 38
47 19
47 26
47 4
36 2
36 26
36 20
36 4
22 10
22 38
22 26
22 4
22 13
2 10
2 38
2 19
2 4
2 12
10 19
10 4
10 13
10 12
10 21
38 19
38 4
38 12
19 4
19 21
26 4
26 13
20 13
20 21
4 13
4 21
13 12
13 21
12 21
