150
945
33 51
33 63
33 121
33 54
33 113
33 90
33 59
33 139
33 25
33 68
33 115
33 132
104 37
104 63
104 69
104 88
104 54
104 113
104 111
104 117
104 129
104 59
104 25
51 146
51 91
51 15
51 54
51 113
51 9
51 3
51 111
51 103
51 24
51 117
51 140
51 129
51 99
51 105
51 90
51 108
51 40
51 6
51 78
51 59
51 71
51 7
51 25
51 46
100 37
100 31
100 136
100 88
100 85
100 144
100 9
28 31
28 53
28 69
28 1
28 91
28 85
28 49
28 35
28 16
28 9
28 3
28 114
28 24
37 102
37 146
37 56
37 44
37 1
37 35
37 9
37 117
37 99
102 53
102 56
102 88
102 142
102 122
102 35
102 16
102 114
102 140
102 6
102 25
73 72
73 146
73 113
73 32
87 31
87 141
87 85
107 53
107 66
107 44
107 88
107 15
107 32
107 16
107 71
116 31
116 136
116 44
116 1
116 32
116 16
63 121
63 120
63 72
63 146
63 69
63 1
63 88
63 85
63 122
63 49
63 113
63 35
63 9
63 114
63 34
121 31
121 69
121 85
121 113
121 114
121 111
31 72
31 53
31 146
31 56
31 66
31 44
31 76
31 69
31 1
31 112
31 91
31 85
31 61
31 54
31 49
31 144
31 32
31 35
31 16
31 114
31 45
31 81
31 24
31 117
31 140
31 90
31 108
31 59
31 7
31 139
136 120
136 72
136 146
136 56
136 66
136 44
136 85
136 113
136 57
136 103
120 72
120 53
120 146
120 69
120 1
120 49
120 35
120 16
120 9
120 114
120 24
72 53
72 56
72 66
72 76
72 69
72 88
72 85
72 142
72 15
72 54
72 122
72 49
72 144
72 35
72 50
72 16
72 9
72 114
72 94
72 103
72 117
72 92
72 86
53 146
53 56
53 44
53 76
53 69
53 1
53 88
53 91
53 85
53 142
53 54
53 49
53 144
53 35
53 16
53 9
53 3
53 114
53 81
53 117
53 25
146 56
146 44
146 76
146 85
146 49
146 144
146 113
146 57
146 35
146 16
146 9
146 114
146 94
146 64
146 24
146 117
56 44
56 76
56 1
56 91
56 35
56 16
56 114
56 81
56 64
56 117
56 110
66 44
66 1
66 88
66 112
66 142
66 54
66 9
66 81
66 150
66 90
66 108
66 71
66 115
66 13
44 1
44 112
44 85
44 142
44 113
44 16
44 78
44 34
44 98
76 69
76 1
76 49
76 144
76 113
76 35
76 9
76 114
76 81
76 117
76 27
76 17
76 86
69 1
69 142
69 54
69 49
69 144
69 113
69 32
69 29
69 35
69 50
69 16
69 9
69 3
69 114
69 81
69 24
69 117
69 93
69 108
1 88
1 85
1 142
1 144
1 113
1 32
1 29
1 35
1 50
1 16
1 9
1 3
1 114
1 81
1 24
1 150
1 78
1 59
88 112
88 142
88 122
88 49
88 29
88 9
88 114
88 6
141 150
141 134
141 131
141 123
112 142
112 29
112 35
112 81
112 24
112 97
112 140
112 93
112 150
112 99
112 90
112 108
112 110
112 6
112 59
112 27
112 67
91 142
91 49
91 113
91 35
91 114
91 81
91 90
91 59
91 46
91 68
85 142
85 61
85 15
85 144
85 35
85 16
85 114
85 81
85 24
85 140
85 150
85 8
85 124
85 149
142 54
142 32
142 29
142 35
142 3
142 114
142 81
142 117
142 97
142 140
142 150
142 108
142 6
142 59
142 68
142 115
142 101
142 149
142 145
142 79
142 95
142 65
61 114
15 113
54 32
54 29
54 35
54 3
54 114
54 45
54 81
54 150
54 129
54 105
54 90
54 108
54 8
54 92
54 78
54 59
54 71
54 27
54 25
54 68
54 115
54 101
54 70
54 86
54 95
54 20
122 131
122 127
49 144
49 35
49 50
49 9
49 114
49 111
49 81
49 117
49 41
49 62
144 32
144 35
144 9
144 114
144 111
144 81
144 59
144 25
144 145
113 114
113 111
113 24
113 129
113 90
113 67
113 2
113 133
32 81
32 24
32 108
32 59
29 35
29 16
29 9
29 24
29 97
29 140
29 93
29 150
29 82
29 108
29 110
29 6
29 71
29 27
29 7
29 46
29 124
57 150
35 16
35 9
35 3
35 114
35 111
35 81
35 117
35 97
35 150
35 110
35 5
50 9
50 114
50 24
50 117
50 115
16 9
16 3
16 114
16 24
16 117
16 25
9 3
9 114
9 111
9 81
9 103
9 24
9 117
9 133
3 114
3 111
3 81
3 24
3 117
3 105
3 59
3 27
3 25
3 68
3 115
3 101
114 81
114 103
114 117
114 118
114 105
114 40
114 8
114 92
114 59
114 68
114 101
114 133
94 24
111 117
111 60
45 81
45 129
45 105
45 90
45 6
45 78
45 59
45 42
45 139
45 60
45 25
45 46
45 124
45 130
45 138
45 77
45 48
45 68
45 115
45 11
45 132
45 101
45 70
45 5
45 145
81 24
81 117
81 140
81 93
81 150
81 105
81 90
81 108
81 59
81 42
81 27
81 25
81 119
81 68
81 115
81 101
81 41
81 149
81 145
81 86
81 95
81 65
103 118
103 129
103 78
103 46
103 95
24 117
24 82
24 71
117 93
55 40
55 46
23 108
97 140
97 99
97 90
97 108
97 6
97 92
97 59
97 42
97 27
97 7
97 67
97 124
97 137
97 5
58 150
58 82
58 99
58 8
58 6
58 71
58 27
58 25
58 124
58 101
58 147
118 90
118 110
118 59
118 124
118 18
140 93
140 150
140 99
140 90
140 108
140 110
140 6
140 92
140 42
140 27
140 7
140 60
140 46
140 124
93 129
93 82
93 90
93 108
93 92
93 42
93 27
93 7
93 60
93 25
93 115
150 82
150 99
150 90
150 108
150 110
150 92
150 78
150 42
150 71
150 27
150 7
150 139
150 25
150 124
150 14
150 68
150 145
150 95
129 82
129 105
129 6
129 92
129 59
129 139
129 25
129 39
129 115
129 132
129 101
82 99
82 105
82 90
82 108
82 40
82 92
82 42
82 34
82 27
82 7
82 60
82 25
82 115
99 109
99 90
99 108
99 6
99 92
99 42
99 27
99 7
99 67
99 25
99 46
99 124
99 101
105 108
105 110
105 6
105 92
105 59
105 27
105 7
105 25
105 68
105 115
105 95
105 20
90 110
90 6
90 92
90 59
90 42
90 27
90 7
90 60
90 46
90 132
90 13
108 110
108 6
108 78
108 42
108 27
108 7
108 139
108 46
108 68
108 5
108 149
108 145
108 95
110 6
110 42
110 27
110 7
110 25
40 7
40 46
8 6
8 92
8 67
8 101
6 92
6 59
6 27
6 60
6 46
6 124
6 5
92 42
92 71
92 7
92 60
92 25
92 115
78 59
78 71
78 7
78 46
78 130
78 138
78 119
78 115
78 11
59 42
59 27
59 7
59 139
59 46
59 68
59 115
59 132
59 101
59 79
42 27
42 139
42 60
42 124
42 5
42 149
71 139
71 25
71 14
34 7
34 46
27 7
27 139
27 60
27 46
27 124
27 14
7 139
7 60
139 115
60 25
60 46
60 124
60 115
67 46
67 14
67 48
67 101
25 46
25 14
25 39
25 68
25 132
25 86
25 13
46 75
46 132
124 5
124 47
39 115
39 132
130 128
130 132
130 135
130 95
138 132
75 132
75 95
77 41
98 48
98 132
98 84
98 101
119 132
68 115
68 132
68 137
68 101
68 41
68 70
68 5
68 145
68 79
68 86
68 95
68 20
115 101
115 79
115 95
115 19
11 132
11 135
11 79
11 62
132 135
132 101
132 5
132 79
132 86
137 101
137 5
137 79
84 101
101 70
101 5
101 79
101 86
41 149
70 5
70 20
5 79
145 47
145 95
131 18
126 86
126 43
126 62
123 47
123 143
123 148
96 43
96 95
96 21
80 43
17 86
17 38
17 133
17 62
18 143
18 4
18 127
18 21
86 47
86 22
86 106
86 95
86 26
86 20
86 13
86 74
86 21
86 62
43 95
43 19
43 20
83 38
83 148
47 22
47 147
47 38
47 4
22 4
2 147
2 38
2 143
2 19
2 133
52 148
52 133
95 10
95 38
95 143
95 19
95 65
95 20
95 62
147 148
10 143
10 65
10 4
38 133
143 12
19 21
148 65
148 74
26 62
65 20
20 13
20 62
4 21
13 62
