100
2676
33 51
33 100
33 28
33 37
33 73
33 63
33 31
33 53
33 76
33 88
33 91
33 54
33 49
33 32
33 30
33 35
33 9
33 3
33 45
33 81
33 64
33 24
33 97
33 58
33 93
33 99
33 90
33 6
33 78
33 59
33 42
33 27
33 7
33 67
33 25
33 46
33 14
33 39
33 48
33 68
33 11
33 84
33 41
33 70
33 89
33 79
33 96
33 17
33 86
33 43
33 83
33 36
33 52
33 95
33 19
33 26
33 65
33 74
33 62
51 37
51 87
51 31
51 72
51 44
51 1
51 88
51 91
51 85
51 15
51 54
51 49
51 32
51 30
51 29
51 9
51 3
51 94
51 45
51 24
51 97
51 58
51 99
51 90
51 40
51 8
51 6
51 78
51 59
51 42
51 71
51 27
51 7
51 67
51 25
51 46
51 14
51 39
51 77
51 98
51 48
51 11
51 70
51 5
51 79
51 80
51 18
51 86
51 43
51 83
51 36
51 52
51 95
51 19
51 65
51 4
51 21
100 37
100 31
100 53
100 66
100 76
100 88
100 85
100 61
100 15
100 30
100 57
100 50
100 9
100 94
100 81
100 64
100 55
100 97
100 93
100 8
100 6
100 59
100 34
100 7
100 67
100 25
100 39
100 75
100 68
100 11
100 84
100 5
100 89
100 96
100 43
100 83
100 47
100 36
100 52
100 38
100 19
100 65
100 20
100 4
100 13
100 12
100 21
28 63
28 31
28 72
28 53
28 56
28 66
28 69
28 1
28 91
28 85
28 61
28 15
28 54
28 49
28 32
28 35
28 16
28 9
28 3
28 94
28 45
28 24
28 55
28 23
28 58
28 93
28 82
28 90
28 40
28 78
28 59
28 27
28 7
28 60
28 25
28 46
28 39
28 75
28 84
28 70
28 5
28 79
28 17
28 18
28 86
28 43
28 83
28 36
28 22
28 2
28 38
28 19
28 65
28 20
28 13
28 12
28 21
28 62
37 31
37 56
37 44
37 76
37 1
37 91
37 85
37 32
37 57
37 35
37 50
37 9
37 94
37 55
37 23
37 97
37 58
37 93
37 82
37 99
37 40
37 6
37 92
37 78
37 71
37 60
37 46
37 14
37 39
37 75
37 77
37 48
37 11
37 84
37 41
37 70
37 5
37 89
37 80
37 17
37 86
37 43
37 83
37 36
37 2
37 52
37 95
37 19
37 20
37 4
37 74
37 21
37 62
73 87
73 31
73 72
73 56
73 66
73 91
73 85
73 15
73 54
73 32
73 29
73 57
73 50
73 16
73 64
73 24
73 23
73 97
73 58
73 99
73 59
73 42
73 71
73 7
73 25
73 46
73 39
73 75
73 98
73 48
73 5
73 17
73 18
73 86
73 83
73 47
73 36
73 22
73 2
73 10
73 20
73 74
73 21
87 63
87 31
87 56
87 44
87 85
87 15
87 54
87 49
87 32
87 30
87 29
87 16
87 9
87 94
87 81
87 64
87 55
87 58
87 93
87 82
87 8
87 78
87 71
87 27
87 7
87 60
87 39
87 98
87 68
87 70
87 17
87 18
87 83
87 36
87 2
87 52
87 10
87 26
87 12
87 21
63 72
63 53
63 56
63 66
63 76
63 69
63 1
63 88
63 85
63 61
63 15
63 54
63 49
63 35
63 50
63 16
63 9
63 94
63 45
63 81
63 24
63 55
63 23
63 93
63 82
63 6
63 78
63 42
63 71
63 34
63 27
63 7
63 60
63 25
63 39
63 75
63 48
63 68
63 5
63 96
63 18
63 43
63 47
63 36
63 95
63 10
63 13
31 72
31 53
31 56
31 66
31 44
31 76
31 69
31 1
31 88
31 91
31 85
31 61
31 54
31 49
31 32
31 57
31 35
31 16
31 9
31 3
31 45
31 81
31 24
31 55
31 23
31 97
31 93
31 90
31 40
31 92
31 59
31 42
31 71
31 27
31 7
31 60
31 67
31 14
31 39
31 75
31 11
31 70
31 79
31 96
31 80
31 86
31 47
31 36
31 20
31 4
31 12
31 74
31 21
72 53
72 56
72 66
72 76
72 69
72 88
72 91
72 85
72 61
72 15
72 54
72 49
72 30
72 35
72 50
72 16
72 9
72 94
72 45
72 81
72 64
72 24
72 23
72 93
72 82
72 90
72 6
72 92
72 60
72 67
72 25
72 14
72 39
72 98
72 70
72 5
72 89
72 80
72 17
72 86
72 36
72 2
72 10
72 38
72 19
72 26
72 65
72 20
72 13
72 21
72 62
53 56
53 66
53 44
53 76
53 69
53 1
53 88
53 91
53 85
53 15
53 54
53 49
53 30
53 57
53 35
53 16
53 9
53 3
53 94
53 81
53 64
53 24
53 55
53 23
53 97
53 58
53 93
53 82
53 90
53 40
53 59
53 71
53 34
53 27
53 25
53 75
53 98
53 48
53 84
53 89
53 80
53 17
53 43
53 83
53 36
53 22
53 2
53 52
53 10
53 38
53 65
53 4
53 13
53 74
56 66
56 44
56 76
56 1
56 91
56 85
56 15
56 49
56 30
56 29
56 35
56 16
56 9
56 3
56 81
56 64
56 55
56 97
56 58
56 93
56 99
56 8
56 78
56 42
56 7
56 67
56 14
56 77
56 98
56 84
56 5
56 80
56 17
56 86
56 47
56 36
56 22
56 2
56 95
56 10
56 38
56 19
56 4
56 12
56 62
66 44
66 69
66 1
66 88
66 91
66 85
66 61
66 54
66 9
66 3
66 81
66 64
66 55
66 23
66 97
66 93
66 82
66 99
66 90
66 40
66 59
66 42
66 71
66 7
66 60
66 46
66 39
66 75
66 77
66 48
66 68
66 11
66 84
66 41
66 70
66 5
66 96
66 17
66 86
66 43
66 83
66 95
66 19
66 4
66 13
66 21
66 62
44 76
44 1
44 85
44 61
44 15
44 29
44 57
44 16
44 45
44 64
44 23
44 97
44 93
44 99
44 90
44 8
44 6
44 78
44 42
44 71
44 34
44 27
44 7
44 14
44 75
44 98
44 68
44 84
44 89
44 96
44 80
44 17
44 18
44 43
44 47
44 22
44 52
44 95
44 38
44 26
44 13
44 12
44 74
44 62
76 69
76 1
76 88
76 85
76 15
76 49
76 32
76 30
76 29
76 35
76 50
76 16
76 9
76 3
76 45
76 81
76 55
76 23
76 93
76 82
76 59
76 42
76 27
76 7
76 60
76 25
76 46
76 39
76 75
76 77
76 98
76 11
76 41
76 70
76 89
76 96
76 80
76 17
76 86
76 43
76 22
76 52
76 95
76 10
76 19
76 26
76 20
76 21
69 1
69 91
69 85
69 61
69 54
69 49
69 32
69 29
69 57
69 35
69 50
69 16
69 9
69 3
69 94
69 45
69 81
69 24
69 97
69 93
69 82
69 99
69 8
69 92
69 78
69 42
69 27
69 7
69 67
69 77
69 11
69 89
69 80
69 17
69 18
69 86
69 22
69 95
69 38
69 26
69 4
69 74
69 21
69 62
1 88
1 85
1 61
1 15
1 32
1 29
1 57
1 35
1 50
1 16
1 9
1 3
1 45
1 81
1 64
1 24
1 55
1 23
1 93
1 99
1 8
1 78
1 59
1 7
1 46
1 39
1 77
1 98
1 68
1 11
1 84
1 41
1 89
1 96
1 36
1 22
1 10
1 19
1 20
1 4
1 62
88 91
88 85
88 61
88 15
88 49
88 32
88 30
88 29
88 35
88 9
88 45
88 24
88 55
88 82
88 99
88 90
88 40
88 8
88 6
88 92
88 59
88 60
88 67
88 25
88 14
88 39
88 77
88 98
88 68
88 11
88 84
88 89
88 80
88 86
88 83
88 47
88 36
88 2
88 10
88 38
88 26
88 65
88 4
88 13
91 61
91 15
91 54
91 49
91 32
91 57
91 35
91 45
91 81
91 24
91 55
91 58
91 90
91 92
91 59
91 42
91 71
91 27
91 67
91 25
91 46
91 14
91 75
91 98
91 68
91 84
91 70
91 96
91 86
91 43
91 47
91 22
91 2
91 38
91 19
91 26
91 20
91 21
91 62
85 61
85 15
85 49
85 32
85 29
85 57
85 35
85 16
85 9
85 3
85 94
85 45
85 81
85 24
85 23
85 93
85 8
85 6
85 34
85 27
85 7
85 46
85 14
85 39
85 68
85 41
85 5
85 89
85 80
85 17
85 18
85 43
85 83
85 36
85 22
85 52
85 95
85 65
85 20
85 13
85 12
85 21
61 15
61 49
61 29
61 16
61 9
61 3
61 94
61 81
61 97
61 58
61 99
61 90
61 40
61 92
61 78
61 59
61 34
61 7
61 60
61 46
61 70
61 89
61 80
61 86
61 22
61 2
61 10
61 38
61 19
61 26
61 13
61 12
61 74
61 21
61 62
15 32
15 35
15 9
15 94
15 45
15 81
15 58
15 93
15 99
15 90
15 40
15 8
15 92
15 59
15 34
15 27
15 67
15 25
15 14
15 39
15 75
15 77
15 68
15 11
15 70
15 5
15 79
15 18
15 86
15 43
15 83
15 36
15 95
15 10
15 38
15 19
15 26
15 65
15 20
15 4
15 13
15 74
15 62
54 32
54 30
54 29
54 57
54 35
54 16
54 3
54 94
54 45
54 81
54 23
54 97
54 58
54 93
54 90
54 40
54 8
54 6
54 92
54 78
54 59
54 71
54 27
54 60
54 25
54 46
54 39
54 75
54 77
54 98
54 48
54 68
54 84
54 41
54 70
54 89
54 79
54 96
54 18
54 86
54 47
54 22
54 2
54 95
54 10
54 38
54 26
54 20
54 21
49 30
49 35
49 50
49 9
49 3
49 94
49 81
49 64
49 24
49 55
49 58
49 93
49 82
49 99
49 40
49 8
49 78
49 59
49 42
49 71
49 27
49 7
49 25
49 46
49 14
49 39
49 75
49 77
49 98
49 84
49 41
49 5
49 79
49 17
49 86
49 43
49 47
49 2
49 52
49 95
49 26
49 65
49 20
49 4
49 13
49 12
49 74
49 62
32 30
32 35
32 50
32 16
32 3
32 81
32 64
32 24
32 55
32 97
32 93
32 82
32 40
32 8
32 92
32 78
32 59
32 42
32 71
32 34
32 7
32 25
32 39
32 75
32 48
32 41
32 5
32 79
32 80
32 18
32 86
32 43
32 83
32 36
32 22
32 95
32 10
32 26
32 20
32 4
32 12
32 21
30 29
30 16
30 9
30 24
30 97
30 82
30 8
30 6
30 92
30 42
30 71
30 7
30 60
30 25
30 14
30 77
30 68
30 11
30 84
30 17
30 83
30 36
30 22
30 2
30 52
30 26
30 12
30 74
30 21
30 62
29 35
29 16
29 9
29 94
29 64
29 24
29 97
29 58
29 93
29 82
29 99
29 40
29 6
29 59
29 71
29 34
29 27
29 7
29 60
29 25
29 46
29 14
29 39
29 11
29 84
29 5
29 89
29 79
29 17
29 83
29 47
29 22
29 2
29 52
29 26
29 65
29 20
29 13
57 50
57 16
57 3
57 81
57 64
57 55
57 23
57 82
57 99
57 90
57 40
57 92
57 59
57 42
57 7
57 46
57 39
57 68
57 5
57 89
57 79
57 43
57 83
57 47
57 36
57 22
57 2
57 95
57 19
57 65
57 20
57 4
57 12
35 16
35 9
35 3
35 94
35 45
35 81
35 64
35 55
35 97
35 93
35 82
35 78
35 59
35 71
35 34
35 27
35 60
35 67
35 25
35 46
35 14
35 75
35 77
35 98
35 48
35 68
35 41
35 5
35 89
35 79
35 96
35 86
35 47
35 36
35 2
35 10
35 20
35 4
35 74
50 16
50 9
50 64
50 24
50 55
50 97
50 58
50 93
50 82
50 99
50 40
50 8
50 92
50 59
50 7
50 67
50 25
50 14
50 75
50 77
50 11
50 84
50 41
50 5
50 79
50 96
50 18
50 86
50 43
50 83
50 47
50 36
50 52
50 95
50 20
50 4
50 74
50 21
16 9
16 3
16 81
16 24
16 55
16 97
16 58
16 93
16 99
16 90
16 92
16 78
16 59
16 71
16 27
16 7
16 60
16 67
16 25
16 46
16 14
16 39
16 75
16 77
16 98
16 48
16 68
16 41
16 79
16 80
16 17
16 86
16 43
16 83
16 47
16 36
16 2
16 52
16 95
16 38
16 19
16 65
16 13
16 21
9 3
9 45
9 81
9 64
9 24
9 23
9 97
9 58
9 93
9 90
9 92
9 42
9 71
9 14
9 39
9 48
9 11
9 41
9 5
9 86
9 83
9 36
9 22
9 95
9 10
9 26
9 4
9 21
9 62
3 94
3 81
3 24
3 55
3 93
3 82
3 99
3 40
3 8
3 6
3 92
3 78
3 59
3 42
3 27
3 25
3 46
3 14
3 75
3 77
3 48
3 68
3 11
3 84
3 41
3 70
3 5
3 80
3 18
3 36
3 22
3 10
3 38
3 26
3 65
3 12
3 74
3 21
3 62
94 45
94 81
94 64
94 24
94 23
94 97
94 82
94 99
94 40
94 92
94 78
94 59
94 42
94 27
94 60
94 25
94 46
94 14
94 77
94 98
94 68
94 84
94 89
94 96
94 17
94 86
94 47
94 22
94 2
94 38
94 19
94 65
94 20
94 4
94 62
45 81
45 64
45 24
45 55
45 23
45 93
45 90
45 8
45 6
45 92
45 78
45 59
45 42
45 27
45 60
45 25
45 46
45 14
45 77
45 98
45 48
45 68
45 11
45 84
45 70
45 5
45 89
45 79
45 96
45 80
45 86
45 83
45 52
45 10
45 38
45 19
45 65
45 4
45 13
45 12
81 24
81 23
81 58
81 93
81 82
81 90
81 8
81 6
81 92
81 78
81 59
81 42
81 71
81 27
81 7
81 67
81 25
81 46
81 14
81 39
81 48
81 68
81 41
81 5
81 89
81 96
81 80
81 86
81 43
81 83
81 22
81 2
81 95
81 65
81 20
81 4
81 13
81 62
64 24
64 97
64 93
64 99
64 90
64 6
64 78
64 59
64 42
64 27
64 67
64 39
64 75
64 48
64 11
64 41
64 5
64 96
64 86
64 43
64 36
64 22
64 2
64 38
64 65
64 4
64 12
64 21
64 62
24 55
24 97
24 58
24 82
24 8
24 6
24 92
24 59
24 42
24 71
24 7
24 67
24 25
24 14
24 39
24 98
24 48
24 68
24 11
24 84
24 70
24 89
24 79
24 96
24 80
24 17
24 18
24 86
24 43
24 47
24 2
24 52
24 95
24 38
24 19
24 12
24 21
24 62
55 97
55 58
55 93
55 90
55 40
55 8
55 6
55 92
55 59
55 42
55 71
55 34
55 67
55 46
55 39
55 75
55 48
55 68
55 70
55 5
55 89
55 17
55 2
55 95
55 10
55 26
55 20
55 21
55 62
23 99
23 90
23 78
23 59
23 71
23 34
23 27
23 60
23 67
23 25
23 14
23 48
23 89
23 79
23 80
23 43
23 36
23 26
23 20
23 4
23 74
23 62
97 58
97 82
97 99
97 90
97 6
97 92
97 78
97 59
97 42
97 71
97 27
97 7
97 67
97 39
97 75
97 68
97 11
97 41
97 5
97 79
97 80
97 43
97 47
97 52
97 95
97 10
97 65
97 20
97 13
97 21
97 62
58 82
58 99
58 40
58 8
58 6
58 92
58 59
58 71
58 27
58 7
58 60
58 67
58 25
58 46
58 14
58 75
58 77
58 98
58 48
58 11
58 41
58 70
58 89
58 79
58 96
58 80
58 83
58 36
58 52
58 38
58 19
58 74
93 82
93 90
93 40
93 8
93 92
93 59
93 42
93 34
93 27
93 7
93 60
93 67
93 25
93 39
93 77
93 98
93 48
93 11
93 84
93 41
93 70
93 89
93 96
93 17
93 43
93 22
93 52
93 95
93 10
93 38
93 26
93 65
93 4
93 12
93 21
93 62
82 99
82 90
82 40
82 92
82 42
82 34
82 27
82 7
82 60
82 25
82 14
82 39
82 48
82 68
82 84
82 41
82 5
82 89
82 96
82 80
82 18
82 36
82 52
82 95
82 10
82 38
82 19
82 26
82 65
82 4
82 13
82 12
82 21
99 90
99 8
99 6
99 92
99 42
99 71
99 27
99 7
99 60
99 67
99 25
99 46
99 75
99 98
99 68
99 89
99 79
99 17
99 43
99 47
99 36
99 22
99 2
99 52
99 95
99 19
99 65
99 4
99 21
99 62
90 6
90 92
90 59
90 42
90 71
90 27
90 7
90 60
90 25
90 46
90 39
90 77
90 98
90 48
90 84
90 41
90 79
90 80
90 17
90 43
90 47
90 19
90 65
90 4
90 13
90 12
90 74
40 8
40 6
40 78
40 42
40 71
40 34
40 7
40 46
40 14
40 39
40 77
40 11
40 5
40 89
40 79
40 96
40 17
40 18
40 86
40 43
40 83
40 47
40 22
40 52
40 95
40 38
40 19
40 26
40 20
40 13
40 21
8 6
8 92
8 59
8 71
8 60
8 67
8 46
8 39
8 75
8 77
8 48
8 68
8 11
8 84
8 41
8 89
8 79
8 17
8 43
8 36
8 52
8 10
8 65
8 13
8 12
8 74
8 62
6 92
6 59
6 71
6 27
6 60
6 25
6 46
6 14
6 39
6 77
6 48
6 68
6 41
6 5
6 89
6 18
6 43
6 83
6 47
6 36
6 2
6 95
6 10
6 19
6 20
6 4
6 13
6 12
6 74
6 62
92 78
92 42
92 71
92 7
92 60
92 25
92 46
92 14
92 75
92 98
92 48
92 68
92 11
92 41
92 5
92 18
92 86
92 43
92 36
92 2
92 19
92 74
78 59
78 42
78 71
78 34
78 7
78 60
78 67
78 25
78 46
78 14
78 39
78 75
78 77
78 98
78 48
78 68
78 11
78 70
78 5
78 79
78 96
78 80
78 18
78 47
78 22
78 2
78 95
78 13
78 74
59 42
59 71
59 34
59 27
59 7
59 60
59 67
59 46
59 14
59 39
59 77
59 98
59 68
59 70
59 5
59 79
59 80
59 86
59 43
59 10
59 38
59 20
59 4
59 13
59 74
59 21
42 27
42 60
42 46
42 77
42 98
42 48
42 41
42 5
42 89
42 79
42 80
42 17
42 83
42 36
42 22
42 95
42 10
42 38
42 65
42 20
42 13
42 62
71 34
71 27
71 7
71 67
71 25
71 46
71 14
71 39
71 75
71 77
71 48
71 41
71 70
71 5
71 79
71 80
71 17
71 18
71 43
71 83
71 36
71 2
71 52
71 38
71 13
71 12
71 74
71 21
34 27
34 7
34 60
34 25
34 46
34 39
34 11
34 84
34 41
34 5
34 17
34 86
34 47
34 22
34 65
34 20
34 13
34 12
34 74
34 21
27 7
27 60
27 67
27 25
27 46
27 14
27 75
27 77
27 98
27 68
27 41
27 89
27 79
27 96
27 80
27 17
27 18
27 83
27 47
27 52
27 10
27 20
27 13
7 60
7 67
7 14
7 39
7 77
7 68
7 70
7 5
7 96
7 18
7 86
7 43
7 83
7 47
7 36
7 22
7 95
7 10
7 19
7 20
7 4
7 13
7 62
60 25
60 46
60 14
60 39
60 75
60 77
60 98
60 48
60 68
60 11
60 84
60 96
60 17
60 86
60 2
60 52
60 10
60 19
60 26
60 20
60 13
60 12
60 21
67 25
67 46
67 14
67 75
67 77
67 98
67 48
67 68
67 70
67 5
67 96
67 86
67 43
67 83
67 47
67 36
67 2
67 52
67 95
67 19
67 20
67 4
67 13
67 12
67 74
67 21
25 46
25 14
25 39
25 75
25 68
25 84
25 5
25 89
25 79
25 80
25 17
25 86
25 83
25 47
25 36
25 22
25 2
25 95
25 38
25 26
25 65
25 4
25 13
25 12
25 74
25 21
25 62
46 75
46 77
46 98
46 48
46 68
46 11
46 70
46 96
46 17
46 43
46 47
46 2
46 95
46 10
46 26
46 13
46 12
46 74
46 62
14 75
14 77
14 68
14 5
14 89
14 79
14 80
14 18
14 86
14 43
14 83
14 36
14 2
14 52
14 95
14 38
14 26
14 65
14 20
14 12
14 74
14 21
14 62
39 75
39 48
39 84
39 70
39 5
39 79
39 96
39 18
39 86
39 47
39 36
39 22
39 2
39 10
39 19
39 65
39 20
39 4
39 74
75 77
75 48
75 11
75 70
75 5
75 89
75 80
75 17
75 18
75 43
75 47
75 36
75 22
75 2
75 52
75 95
75 10
75 19
75 20
75 21
77 98
77 48
77 11
77 41
77 5
77 96
77 80
77 17
77 86
77 36
77 2
77 10
77 38
77 19
77 65
77 20
77 13
77 12
77 21
98 48
98 11
98 84
98 41
98 89
98 79
98 96
98 80
98 18
98 43
98 83
98 36
98 2
98 52
98 95
98 10
98 38
98 19
98 26
98 65
98 12
98 74
98 62
48 11
48 89
48 17
48 18
48 47
48 22
48 10
48 38
48 19
48 65
48 13
48 12
48 74
68 11
68 84
68 41
68 70
68 5
68 79
68 96
68 86
68 43
68 47
68 95
68 10
68 38
68 26
68 65
68 20
68 4
68 13
68 12
68 21
11 70
11 5
11 89
11 79
11 80
11 17
11 83
11 47
11 52
11 95
11 10
11 38
11 19
11 26
11 65
11 20
11 13
11 74
11 21
11 62
84 41
84 89
84 80
84 18
84 47
84 36
84 22
84 2
84 95
84 38
84 65
84 20
84 4
84 13
84 12
84 74
84 21
41 89
41 80
41 17
41 86
41 83
41 36
41 22
41 95
41 20
41 13
41 12
41 74
41 21
70 5
70 89
70 79
70 96
70 80
70 18
70 86
70 43
70 83
70 22
70 52
70 10
70 38
70 26
70 20
70 4
70 74
70 21
70 62
5 89
5 79
5 18
5 36
5 22
5 2
5 52
5 10
5 26
5 20
5 13
89 17
89 18
89 83
89 36
89 22
89 2
89 10
89 38
89 19
89 26
89 65
89 4
89 12
79 17
79 18
79 86
79 43
79 2
79 52
79 10
79 38
79 19
79 26
79 20
79 4
79 13
79 12
79 74
96 18
96 86
96 43
96 47
96 36
96 22
96 2
96 95
96 38
96 65
96 12
96 21
96 62
80 17
80 86
80 43
80 83
80 47
80 22
80 2
80 38
80 19
80 65
80 13
80 12
17 86
17 83
17 47
17 2
17 52
17 95
17 10
17 38
17 19
17 20
17 4
17 13
17 74
17 62
18 86
18 83
18 36
18 22
18 2
18 52
18 10
18 65
18 4
18 13
18 12
18 21
18 62
86 43
86 47
86 22
86 2
86 52
86 95
86 10
86 38
86 26
86 65
86 20
86 13
86 12
86 74
86 21
86 62
43 83
43 36
43 22
43 2
43 52
43 95
43 38
43 19
43 26
43 65
43 20
43 4
43 13
43 74
43 62
83 47
83 38
83 19
83 65
83 13
83 74
47 22
47 52
47 95
47 10
47 38
47 19
47 26
47 65
47 20
47 4
47 13
47 21
47 62
36 52
36 95
36 10
36 20
36 4
36 13
36 12
36 21
36 62
22 2
22 52
22 95
22 10
22 38
22 26
22 4
22 74
22 21
22 62
2 95
2 38
2 19
2 65
2 20
52 95
52 65
52 13
52 12
52 62
95 10
95 38
95 19
95 26
95 65
95 20
95 4
95 21
95 62
10 26
10 65
10 4
10 13
10 62
38 19
38 26
38 20
38 4
38 13
38 12
38 62
19 20
19 4
19 13
19 21
26 21
26 62
65 20
65 13
65 74
65 21
20 13
20 21
20 62
4 12
4 21
13 21
13 62
12 74
12 62
21 62
