50
142
18 48
18 32
18 47
18 3
18 28
18 29
18 8
18 14
18 36
2 4
2 45
4 37
4 25
4 23
4 48
4 32
4 21
4 42
4 40
4 28
4 45
4 9
37 23
37 48
37 11
37 21
37 47
37 26
37 28
37 45
37 9
37 34
25 48
25 11
25 32
25 21
25 47
25 40
25 3
25 28
25 45
25 9
25 29
25 22
25 36
23 11
23 21
23 22
23 20
23 27
48 21
48 47
48 3
48 28
48 45
48 22
11 32
11 40
11 3
11 9
11 20
11 14
11 49
32 40
32 26
32 3
32 45
32 20
32 14
32 13
32 1
32 12
32 24
21 3
21 28
21 45
21 22
21 20
47 28
47 45
47 29
42 29
42 38
42 12
26 28
26 45
26 5
26 9
26 29
26 20
3 28
3 45
3 14
3 1
28 45
28 9
28 29
28 14
45 9
45 29
45 14
8 34
8 13
8 27
8 43
30 20
17 43
17 33
34 20
34 27
34 36
22 36
22 1
20 14
20 27
20 36
20 43
20 49
14 27
14 36
14 7
14 1
14 15
14 12
13 1
13 50
13 6
27 36
27 43
36 43
36 10
7 1
7 49
1 50
1 19
1 49
10 41
10 24
38 12
12 41
12 6
35 46
