150
998
109 141
109 18
109 90
109 99
109 4
109 149
109 25
109 108
109 23
109 11
109 32
109 40
109 103
109 26
109 89
109 72
109 104
109 81
109 13
109 59
109 118
109 111
109 7
109 54
109 49
141 132
141 71
141 42
141 9
141 77
141 57
141 110
141 20
141 131
141 13
141 114
141 60
141 84
141 56
141 139
141 135
18 99
18 132
18 65
18 48
18 70
18 32
18 47
18 103
18 3
18 28
18 150
18 29
18 77
18 82
18 116
18 57
18 8
18 74
18 104
18 96
18 113
18 81
18 14
18 131
18 114
18 36
18 118
18 111
136 132
136 37
136 45
136 110
136 113
136 142
2 99
2 4
2 45
52 4
52 130
52 37
52 40
52 103
52 121
52 89
52 28
52 45
52 77
90 99
90 76
90 149
90 132
90 25
90 108
90 64
90 21
90 47
90 103
90 26
90 28
90 45
90 57
90 60
90 125
90 111
99 4
99 149
99 66
99 132
99 102
99 25
99 23
99 48
99 11
99 21
99 47
99 42
99 40
99 94
99 121
99 3
99 28
99 45
99 150
99 77
99 123
99 72
99 116
99 57
99 22
99 14
99 131
99 36
99 56
99 1
99 122
99 46
76 4
76 25
76 47
76 150
76 57
76 111
4 149
4 132
4 37
4 102
4 25
4 23
4 48
4 128
4 32
4 21
4 42
4 40
4 88
4 121
4 28
4 45
4 9
4 77
4 123
4 72
4 116
4 57
4 104
4 81
4 84
4 122
130 149
130 132
130 37
130 48
130 47
130 77
130 120
130 82
130 34
149 66
149 102
149 25
149 108
149 48
149 11
149 70
149 32
149 64
149 21
149 26
149 121
149 89
149 28
149 45
149 5
149 29
149 120
149 82
149 57
149 59
149 147
149 12
66 132
66 25
66 65
66 23
66 48
66 70
66 42
66 103
66 26
66 28
66 45
66 29
66 120
66 116
66 104
132 37
132 102
132 48
132 47
132 42
132 103
132 121
132 28
132 45
132 5
132 77
132 120
132 116
37 23
37 48
37 11
37 21
37 47
37 103
37 88
37 26
37 121
37 28
37 45
37 9
37 57
37 34
37 60
102 25
102 48
102 47
102 42
102 103
102 26
102 28
102 45
102 9
102 29
102 77
102 72
102 120
102 57
102 134
102 142
102 124
102 38
102 12
25 65
25 48
25 11
25 32
25 21
25 47
25 40
25 103
25 94
25 121
25 3
25 89
25 28
25 45
25 9
25 29
25 77
25 72
25 120
25 116
25 22
25 36
25 118
65 94
65 60
65 36
65 54
65 83
65 69
108 23
108 11
108 64
108 42
108 103
108 94
108 77
108 120
108 57
108 110
108 127
23 71
23 11
23 21
23 103
23 94
23 89
23 77
23 72
23 120
23 116
23 68
23 104
23 22
23 20
23 113
23 27
23 124
23 118
71 103
71 134
71 110
71 20
71 114
71 118
71 83
48 70
48 21
48 47
48 94
48 121
48 3
48 89
48 28
48 45
48 150
48 77
48 72
48 120
48 104
48 22
48 114
11 32
11 40
11 103
11 94
11 3
11 9
11 77
11 72
11 57
11 68
11 104
11 20
11 14
11 118
11 125
11 54
11 115
11 122
11 126
11 49
70 47
70 103
70 26
70 28
32 40
32 103
32 26
32 94
32 3
32 45
32 123
32 72
32 57
32 20
32 96
32 81
32 14
32 131
32 13
32 59
32 114
32 124
32 118
32 125
32 1
32 53
32 127
32 54
32 115
32 122
32 12
32 24
64 85
64 95
64 6
21 121
21 3
21 89
21 28
21 45
21 150
21 77
21 104
21 22
21 20
21 118
47 28
47 45
47 150
47 29
47 77
47 116
47 96
47 58
42 29
42 77
42 116
42 114
42 38
42 12
112 150
112 77
112 7
40 72
40 116
103 26
103 94
103 121
103 89
103 28
103 9
103 150
103 72
103 57
103 104
103 20
103 114
103 56
103 122
88 28
88 45
26 121
26 89
26 28
26 45
26 5
26 9
26 29
26 77
26 120
26 57
26 110
26 20
94 121
94 89
94 28
94 29
94 77
94 116
94 57
94 68
94 134
94 104
94 22
94 20
94 114
94 27
94 36
94 124
94 43
121 3
121 28
121 45
121 77
121 116
121 14
3 28
3 45
3 150
3 72
3 116
3 14
3 131
3 124
3 118
3 1
3 54
3 115
3 122
89 9
89 77
89 116
89 17
28 45
28 9
28 150
28 29
28 77
28 72
28 120
28 116
28 57
28 14
45 9
45 150
45 29
45 77
45 120
45 116
45 57
45 14
45 122
5 116
5 92
9 77
9 120
9 138
150 77
150 120
150 74
150 14
150 56
150 146
29 72
29 116
29 57
29 110
77 72
77 120
77 82
77 17
123 72
123 74
123 134
123 96
123 81
123 131
123 86
123 84
123 56
123 118
123 125
123 43
123 7
123 107
123 53
123 138
123 54
123 19
123 83
123 55
123 115
123 122
123 49
72 120
72 116
72 57
72 104
72 34
72 22
72 20
72 14
72 131
72 124
72 118
72 125
72 7
72 1
72 53
72 15
72 54
72 115
72 135
72 122
72 126
72 49
72 12
91 22
91 118
120 104
120 20
82 98
82 17
82 96
82 118
82 146
116 57
116 98
116 14
116 114
116 36
116 146
57 74
57 34
57 22
57 110
57 20
57 96
57 13
57 84
57 118
57 111
57 83
57 55
57 135
57 122
57 6
39 86
39 59
39 143
39 61
98 74
98 96
98 113
98 81
98 13
98 143
98 111
98 122
98 33
8 68
8 104
8 34
8 113
8 13
8 27
8 143
8 60
8 124
8 118
8 43
74 30
74 104
74 22
74 110
74 14
74 13
74 27
74 143
74 36
74 56
74 111
74 1
74 50
74 83
74 69
74 55
79 27
30 20
30 124
30 56
30 139
30 146
68 62
68 104
68 113
68 59
68 27
68 124
68 118
68 43
134 34
134 22
134 110
134 20
134 96
134 113
134 142
134 59
134 114
134 27
134 124
134 118
62 113
62 27
62 118
17 118
17 43
17 33
104 22
104 110
104 20
104 113
104 14
104 142
104 59
104 27
104 36
104 124
104 56
104 118
104 43
104 1
34 110
34 20
34 113
34 142
34 59
34 27
34 36
34 124
34 56
34 118
34 111
34 53
34 55
34 135
22 110
22 96
22 59
22 36
22 124
22 56
22 1
22 54
22 92
110 20
110 96
110 59
110 114
110 27
110 124
110 84
110 7
110 55
110 49
20 113
20 14
20 59
20 114
20 27
20 36
20 124
20 84
20 118
20 43
20 49
96 81
96 131
96 142
96 59
96 27
96 36
96 84
96 118
96 125
96 54
96 55
96 115
113 81
113 14
113 75
113 142
113 59
113 124
113 118
113 43
113 115
81 131
81 59
81 84
81 125
81 111
81 7
81 107
81 54
81 122
14 59
14 114
14 27
14 143
14 36
14 124
14 7
14 1
14 15
14 115
14 122
14 12
131 59
131 124
131 118
131 125
131 111
131 1
131 54
131 122
63 142
13 59
13 111
13 1
13 50
13 127
13 115
13 6
142 56
142 111
86 143
86 60
86 144
86 133
59 114
59 36
59 56
59 118
59 111
59 53
59 54
114 36
114 84
27 36
27 124
27 84
27 56
27 118
27 43
143 53
60 36
36 124
36 56
36 118
36 43
36 111
36 69
36 55
36 10
36 140
36 58
36 101
124 84
124 56
124 118
124 125
124 43
124 122
84 54
84 122
56 118
56 125
56 43
56 54
118 43
118 1
118 53
118 54
118 55
118 115
118 122
118 12
125 111
125 78
125 115
125 122
43 92
43 93
111 7
111 54
111 135
111 122
7 107
7 1
7 83
7 133
7 69
7 115
7 122
7 146
7 126
7 49
7 51
7 97
107 78
107 55
1 50
1 53
1 147
1 144
1 138
1 127
1 54
1 19
1 83
1 133
1 55
1 73
1 115
1 122
1 146
1 126
1 49
50 127
50 139
50 85
53 144
53 138
53 127
53 78
53 133
53 115
53 122
53 146
53 49
147 133
147 69
147 115
147 146
144 133
144 69
144 55
138 133
15 55
139 92
139 146
54 78
54 133
54 69
54 115
54 122
54 146
54 106
19 133
19 55
19 146
83 133
83 115
83 49
78 122
78 49
133 69
133 73
133 92
133 115
133 146
69 73
69 135
69 122
69 126
55 115
55 122
55 146
55 12
73 115
115 122
115 146
115 12
135 122
135 126
122 49
146 137
49 93
85 33
51 12
51 129
51 46
137 12
137 129
137 100
10 80
10 41
10 101
10 24
87 100
38 12
38 129
38 61
33 97
33 95
12 129
12 93
12 145
12 140
12 80
12 41
12 105
12 101
12 6
129 101
100 106
119 61
119 46
93 140
93 35
93 61
93 97
145 140
140 80
140 97
140 6
58 35
58 61
58 106
117 46
80 6
35 46
