150
5670
33 104
33 51
33 100
33 28
33 37
33 102
33 73
33 63
33 121
33 72
33 53
33 56
33 66
33 76
33 69
33 88
33 85
33 142
33 61
33 15
33 54
33 144
33 113
33 32
33 57
33 50
33 94
33 45
33 103
33 55
33 58
33 140
33 93
33 150
33 82
33 105
33 90
33 108
33 6
33 92
33 59
33 42
33 71
33 34
33 27
33 7
33 139
33 25
33 124
33 130
33 138
33 75
33 68
33 128
33 115
33 11
33 132
33 135
33 134
33 41
33 70
33 5
33 89
33 149
33 79
33 131
33 126
33 123
33 96
33 80
33 86
33 43
33 36
33 22
33 147
33 143
33 19
33 148
104 51
104 28
104 37
104 102
104 73
104 107
104 116
104 63
104 121
104 31
104 120
104 44
104 76
104 69
104 88
104 112
104 54
104 49
104 113
104 57
104 35
104 50
104 3
104 94
104 111
104 45
104 103
104 117
104 55
104 23
104 58
104 93
104 150
104 129
104 82
104 105
104 109
104 110
104 40
104 8
104 59
104 42
104 71
104 34
104 27
104 7
104 60
104 67
104 25
104 46
104 124
104 39
104 130
104 77
104 98
104 68
104 128
104 115
104 11
104 132
104 137
104 135
104 134
104 149
104 145
104 79
104 126
104 96
104 17
104 43
104 83
104 36
104 106
104 147
104 10
104 38
104 143
104 65
104 127
104 13
104 12
104 74
51 87
51 63
51 120
51 146
51 88
51 112
51 91
51 61
51 15
51 54
51 113
51 32
51 30
51 29
51 50
51 16
51 9
51 3
51 94
51 111
51 103
51 24
51 117
51 55
51 23
51 97
51 58
51 118
51 140
51 93
51 150
51 129
51 99
51 105
51 109
51 90
51 108
51 40
51 6
51 78
51 59
51 42
51 71
51 34
51 27
51 7
51 139
51 60
51 25
51 46
51 14
51 130
51 138
51 48
51 128
51 115
51 11
51 132
51 137
51 135
51 101
51 134
51 89
51 123
51 83
51 47
51 147
51 10
51 38
51 19
51 148
51 125
51 133
51 26
51 4
51 127
51 74
100 28
100 37
100 87
100 31
100 136
100 72
100 53
100 66
100 69
100 1
100 88
100 141
100 85
100 142
100 61
100 15
100 144
100 30
100 29
100 50
100 9
100 94
100 111
100 64
100 117
100 55
100 23
100 97
100 140
100 93
100 99
100 108
100 110
100 40
100 8
100 42
100 71
100 34
100 67
100 130
100 138
100 77
100 119
100 68
100 128
100 132
100 135
100 101
100 134
100 41
100 5
100 89
100 96
100 80
100 18
100 83
100 47
100 36
100 22
100 106
100 147
100 10
100 133
100 65
100 127
100 74
100 21
100 62
28 73
28 63
28 121
28 31
28 53
28 69
28 1
28 88
28 141
28 112
28 91
28 85
28 142
28 61
28 54
28 49
28 144
28 113
28 30
28 29
28 35
28 50
28 16
28 9
28 3
28 114
28 64
28 24
28 117
28 118
28 93
28 129
28 82
28 105
28 109
28 108
28 110
28 40
28 6
28 92
28 78
28 59
28 42
28 27
28 139
28 25
28 124
28 14
28 119
28 128
28 132
28 137
28 135
28 41
28 149
28 145
28 79
28 131
28 126
28 18
28 43
28 47
28 52
28 19
28 133
28 26
28 127
28 21
28 62
37 102
37 73
37 116
37 136
37 120
37 146
37 56
37 66
37 44
37 69
37 1
37 88
37 141
37 112
37 142
37 61
37 113
37 32
37 30
37 57
37 35
37 50
37 16
37 9
37 114
37 94
37 64
37 117
37 58
37 93
37 99
37 105
37 90
37 110
37 40
37 6
37 92
37 59
37 7
37 139
37 60
37 25
37 138
37 75
37 77
37 98
37 48
37 119
37 68
37 132
37 84
37 101
37 41
37 70
37 89
37 145
37 131
37 123
37 17
37 18
37 43
37 83
37 47
37 52
37 106
37 10
37 38
37 19
37 148
37 125
37 20
37 127
37 12
37 74
37 21
37 62
102 73
102 87
102 120
102 72
102 53
102 146
102 56
102 66
102 69
102 1
102 88
102 142
102 61
102 15
102 122
102 49
102 113
102 32
102 29
102 57
102 35
102 16
102 114
102 45
102 81
102 103
102 24
102 58
102 140
102 93
102 150
102 82
102 105
102 109
102 90
102 108
102 6
102 78
102 42
102 34
102 27
102 25
102 46
102 124
102 39
102 138
102 48
102 119
102 11
102 132
102 137
102 135
102 84
102 70
102 5
102 89
102 79
102 96
102 80
102 17
102 22
102 2
102 52
102 125
102 133
102 26
73 87
73 107
73 121
73 72
73 53
73 146
73 66
73 76
73 88
73 141
73 144
73 113
73 32
73 30
73 57
73 35
73 50
73 3
73 45
73 23
73 58
73 93
73 129
73 82
73 109
73 90
73 108
73 110
73 40
73 6
73 92
73 42
73 71
73 7
73 25
73 14
73 138
73 75
73 77
73 98
73 119
73 11
73 132
73 137
73 101
73 70
73 5
73 149
73 126
73 96
73 17
73 18
73 83
73 22
73 2
73 106
73 95
73 147
73 38
73 19
73 125
73 133
73 20
73 4
73 13
73 21
87 116
87 121
87 31
87 120
87 53
87 146
87 1
87 141
87 112
87 91
87 85
87 142
87 15
87 144
87 29
87 57
87 35
87 50
87 9
87 111
87 103
87 97
87 58
87 118
87 93
87 129
87 90
87 108
87 110
87 40
87 8
87 6
87 78
87 59
87 27
87 139
87 25
87 46
87 124
87 77
87 98
87 128
87 115
87 135
87 101
87 134
87 5
87 89
87 149
87 123
87 96
87 17
87 83
87 47
87 22
87 2
87 106
87 10
87 38
87 19
87 125
87 20
87 127
87 13
87 21
87 62
107 31
107 72
107 53
107 146
107 56
107 66
107 44
107 76
107 88
107 85
107 142
107 15
107 54
107 122
107 49
107 113
107 32
107 50
107 16
107 9
107 3
107 94
107 111
107 45
107 81
107 64
107 103
107 117
107 23
107 129
107 105
107 6
107 92
107 78
107 71
107 7
107 139
107 67
107 46
107 124
107 39
107 75
107 119
107 115
107 132
107 101
107 134
107 41
107 5
107 79
107 126
107 123
107 96
107 18
107 43
107 47
107 36
107 52
107 147
107 38
107 143
107 19
107 26
107 65
107 20
107 127
107 62
116 63
116 31
116 136
116 53
116 146
116 44
116 1
116 141
116 112
116 91
116 54
116 122
116 144
116 32
116 30
116 29
116 16
116 3
116 114
116 24
116 23
116 118
116 140
116 93
116 150
116 99
116 105
116 109
116 108
116 40
116 8
116 78
116 59
116 42
116 71
116 34
116 7
116 60
116 67
116 124
116 14
116 39
116 130
116 138
116 119
116 128
116 115
116 137
116 135
116 84
116 134
116 70
116 5
116 89
116 131
116 126
116 96
116 80
116 18
116 86
116 43
116 2
116 38
116 143
116 133
116 65
116 74
63 121
63 136
63 120
63 72
63 53
63 146
63 56
63 76
63 69
63 1
63 88
63 141
63 112
63 91
63 85
63 15
63 122
63 49
63 144
63 113
63 29
63 35
63 50
63 9
63 114
63 94
63 117
63 23
63 118
63 140
63 93
63 150
63 82
63 105
63 109
63 90
63 108
63 8
63 92
63 59
63 71
63 34
63 139
63 60
63 67
63 25
63 14
63 39
63 98
63 48
63 68
63 11
63 137
63 101
63 41
63 5
63 79
63 131
63 126
63 123
63 96
63 86
63 43
63 106
63 19
63 133
63 4
63 127
63 12
63 74
63 62
121 31
121 120
121 76
121 69
121 88
121 141
121 112
121 85
121 142
121 15
121 122
121 144
121 113
121 30
121 29
121 57
121 35
121 50
121 16
121 3
121 114
121 111
121 64
121 103
121 24
121 23
121 140
121 129
121 99
121 108
121 110
121 8
121 78
121 42
121 27
121 139
121 60
121 67
121 39
121 75
121 77
121 48
121 128
121 11
121 132
121 137
121 135
121 84
121 41
121 5
121 89
121 145
121 79
121 131
121 126
121 123
121 96
121 17
121 83
121 47
121 36
121 22
121 106
121 95
121 10
121 148
121 125
121 133
121 65
121 4
121 12
121 21
121 62
31 136
31 120
31 72
31 53
31 146
31 56
31 66
31 44
31 76
31 69
31 1
31 112
31 91
31 85
31 142
31 61
31 54
31 49
31 144
31 32
31 30
31 35
31 50
31 16
31 114
31 94
31 111
31 45
31 81
31 24
31 117
31 23
31 58
31 118
31 140
31 93
31 129
31 99
31 105
31 109
31 90
31 108
31 40
31 78
31 59
31 42
31 71
31 27
31 7
31 139
31 67
31 46
31 124
31 11
31 132
31 137
31 84
31 101
31 134
31 89
31 149
31 145
31 79
31 123
31 96
31 17
31 18
31 86
31 47
31 52
31 95
31 147
31 10
31 19
31 148
31 125
31 133
31 26
31 65
31 127
31 13
31 12
31 21
136 120
136 72
136 53
136 146
136 56
136 66
136 44
136 76
136 112
136 91
136 85
136 142
136 15
136 122
136 49
136 113
136 32
136 57
136 35
136 3
136 111
136 45
136 81
136 64
136 103
136 55
136 23
136 97
136 58
136 140
136 82
136 99
136 109
136 108
136 110
136 8
136 6
136 34
136 27
136 139
136 60
136 14
136 138
136 75
136 98
136 68
136 128
136 132
136 137
136 84
136 5
136 89
136 145
136 131
136 80
136 17
136 18
136 86
136 47
136 36
136 2
136 106
136 95
136 147
136 10
136 38
136 143
136 148
136 125
136 26
136 20
136 13
136 21
120 72
120 53
120 146
120 44
120 69
120 1
120 88
120 141
120 91
120 54
120 122
120 49
120 144
120 32
120 57
120 35
120 16
120 9
120 114
120 111
120 45
120 24
120 58
120 118
120 93
120 129
120 109
120 108
120 110
120 40
120 8
120 6
120 78
120 59
120 42
120 71
120 139
120 60
120 124
120 75
120 77
120 119
120 128
120 115
120 11
120 132
120 84
120 70
120 5
120 149
120 79
120 131
120 17
120 86
120 83
120 52
120 106
120 147
120 143
120 65
120 4
120 13
120 12
120 74
72 53
72 56
72 66
72 44
72 76
72 69
72 1
72 88
72 91
72 85
72 142
72 61
72 15
72 54
72 122
72 49
72 144
72 113
72 32
72 29
72 57
72 35
72 50
72 16
72 9
72 114
72 94
72 111
72 81
72 103
72 117
72 55
72 23
72 97
72 58
72 118
72 93
72 82
72 105
72 109
72 108
72 110
72 6
72 92
72 78
72 42
72 34
72 139
72 67
72 25
72 46
72 130
72 138
72 48
72 119
72 11
72 132
72 135
72 84
72 134
72 41
72 145
72 131
72 126
72 123
72 96
72 80
72 18
72 86
72 83
72 2
72 52
72 106
72 147
72 19
72 148
72 127
72 12
72 74
72 62
53 146
53 56
53 66
53 44
53 76
53 69
53 1
53 88
53 141
53 91
53 85
53 142
53 61
53 54
53 122
53 49
53 144
53 32
53 30
53 29
53 35
53 16
53 9
53 3
53 114
53 111
53 81
53 64
53 103
53 24
53 117
53 23
53 97
53 140
53 93
53 129
53 109
53 110
53 40
53 6
53 92
53 59
53 34
53 67
53 25
53 46
53 14
53 130
53 75
53 77
53 98
53 48
53 68
53 11
53 134
53 70
53 5
53 149
53 80
53 17
53 18
53 47
53 36
53 52
53 38
53 143
53 19
53 133
53 65
53 127
53 13
53 21
146 56
146 66
146 44
146 76
146 69
146 88
146 141
146 112
146 85
146 142
146 61
146 15
146 122
146 49
146 144
146 113
146 32
146 29
146 57
146 35
146 16
146 9
146 3
146 114
146 94
146 81
146 64
146 103
146 24
146 117
146 97
146 118
146 140
146 150
146 105
146 90
146 108
146 59
146 42
146 60
146 124
146 130
146 77
146 119
146 128
146 115
146 135
146 84
146 134
146 41
146 70
146 5
146 89
146 79
146 126
146 18
146 86
146 83
146 47
146 22
146 52
146 95
146 147
146 10
146 38
146 148
146 125
146 133
146 26
146 20
146 4
146 13
146 74
146 21
56 44
56 76
56 1
56 91
56 85
56 61
56 15
56 144
56 29
56 57
56 35
56 16
56 3
56 114
56 111
56 45
56 81
56 64
56 103
56 117
56 23
56 97
56 58
56 118
56 140
56 150
56 129
56 82
56 109
56 90
56 110
56 8
56 6
56 92
56 71
56 27
56 7
56 139
56 60
56 67
56 46
56 130
56 75
56 98
56 48
56 119
56 132
56 135
56 101
56 134
56 70
56 5
56 89
56 149
56 123
56 96
56 80
56 83
56 47
56 2
56 52
56 10
56 38
56 143
56 148
56 26
56 20
56 21
66 44
66 69
66 1
66 88
66 112
66 85
66 142
66 61
66 54
66 122
66 113
66 32
66 30
66 57
66 35
66 50
66 9
66 114
66 111
66 45
66 81
66 103
66 117
66 55
66 118
66 140
66 150
66 90
66 108
66 40
66 59
66 71
66 7
66 139
66 60
66 67
66 124
66 138
66 77
66 48
66 119
66 68
66 115
66 11
66 137
66 101
66 134
66 5
66 89
66 145
66 79
66 131
66 126
66 18
66 86
66 2
66 106
66 143
66 19
66 148
66 125
66 133
66 20
66 4
66 13
66 74
66 62
44 69
44 1
44 112
44 85
44 142
44 15
44 144
44 113
44 32
44 29
44 50
44 16
44 114
44 64
44 24
44 55
44 23
44 97
44 129
44 82
44 108
44 8
44 6
44 92
44 78
44 34
44 27
44 139
44 60
44 25
44 46
44 124
44 39
44 130
44 138
44 77
44 98
44 119
44 68
44 128
44 115
44 135
44 84
44 134
44 5
44 79
44 131
44 96
44 80
44 18
44 86
44 47
44 36
44 22
44 52
44 106
44 95
44 10
44 38
44 19
44 65
44 127
44 13
44 12
76 69
76 1
76 88
76 141
76 112
76 91
76 49
76 144
76 113
76 30
76 57
76 35
76 50
76 16
76 9
76 114
76 111
76 45
76 81
76 24
76 117
76 93
76 90
76 108
76 40
76 8
76 59
76 42
76 27
76 60
76 25
76 124
76 130
76 138
76 75
76 77
76 98
76 119
76 132
76 101
76 134
76 41
76 70
76 149
76 145
76 131
76 126
76 80
76 17
76 18
76 86
76 83
76 47
76 22
76 38
76 19
76 65
76 20
76 4
76 12
76 21
69 1
69 88
69 141
69 85
69 142
69 61
69 15
69 54
69 49
69 144
69 113
69 32
69 30
69 29
69 35
69 50
69 16
69 9
69 3
69 114
69 94
69 45
69 81
69 24
69 117
69 140
69 93
69 150
69 82
69 108
69 110
69 59
69 71
69 34
69 27
69 139
69 60
69 67
69 39
69 130
69 138
69 77
69 128
69 132
69 137
69 84
69 101
69 89
69 149
69 131
69 126
69 80
69 43
69 47
69 36
69 22
69 2
69 106
69 95
69 147
69 10
69 133
69 65
69 4
69 13
69 21
69 62
1 88
1 112
1 91
1 85
1 142
1 54
1 144
1 113
1 32
1 29
1 57
1 35
1 50
1 16
1 9
1 3
1 114
1 111
1 45
1 81
1 64
1 103
1 24
1 117
1 23
1 97
1 118
1 93
1 150
1 129
1 82
1 105
1 90
1 40
1 6
1 92
1 78
1 59
1 42
1 71
1 34
1 7
1 139
1 60
1 25
1 138
1 98
1 119
1 128
1 132
1 101
1 41
1 70
1 5
1 89
1 149
1 145
1 131
1 126
1 123
1 17
1 18
1 47
1 36
1 2
1 52
1 106
1 10
1 38
1 4
1 127
1 62
88 141
88 112
88 85
88 142
88 122
88 49
88 29
88 57
88 50
88 9
88 3
88 114
88 45
88 117
88 55
88 97
88 58
88 150
88 129
88 99
88 110
88 6
88 42
88 27
88 139
88 124
88 14
88 39
88 130
88 48
88 119
88 68
88 128
88 115
88 137
88 135
88 101
88 149
88 96
88 17
88 86
88 83
88 36
88 22
88 2
88 147
88 10
88 26
88 20
88 74
141 91
141 15
141 144
141 32
141 30
141 29
141 9
141 94
141 111
141 45
141 103
141 55
141 23
141 58
141 140
141 150
141 99
141 90
141 108
141 40
141 8
141 6
141 78
141 59
141 42
141 71
141 139
141 60
141 25
141 46
141 124
141 14
141 138
141 98
141 48
141 119
141 68
141 128
141 115
141 11
141 132
141 137
141 84
141 134
141 131
141 126
141 123
141 80
141 17
141 18
141 36
141 22
141 52
141 106
141 95
141 143
141 148
141 133
141 65
141 4
141 127
141 74
112 85
112 142
112 15
112 113
112 29
112 35
112 50
112 16
112 114
112 81
112 64
112 24
112 55
112 23
112 97
112 140
112 93
112 150
112 129
112 82
112 99
112 105
112 90
112 108
112 110
112 40
112 6
112 78
112 59
112 71
112 34
112 27
112 67
112 46
112 98
112 119
112 68
112 128
112 135
112 84
112 101
112 41
112 89
112 149
112 80
112 17
112 86
112 43
112 2
112 106
112 147
112 10
112 148
112 125
112 133
112 65
112 12
112 74
112 21
91 85
91 142
91 49
91 113
91 32
91 30
91 29
91 35
91 50
91 3
91 114
91 111
91 45
91 81
91 117
91 55
91 23
91 82
91 90
91 8
91 78
91 59
91 27
91 7
91 139
91 67
91 25
91 46
91 124
91 14
91 39
91 130
91 138
91 75
91 119
91 68
91 115
91 137
91 84
91 145
91 131
91 80
91 18
91 22
91 52
91 106
91 95
91 147
91 148
91 125
91 133
91 26
91 65
91 4
91 127
91 13
91 12
91 74
85 142
85 61
85 15
85 122
85 144
85 35
85 50
85 16
85 9
85 3
85 114
85 94
85 81
85 103
85 24
85 55
85 23
85 118
85 140
85 150
85 129
85 110
85 40
85 8
85 6
85 71
85 34
85 27
85 67
85 46
85 124
85 14
85 130
85 138
85 75
85 48
85 119
85 68
85 11
85 137
85 135
85 84
85 101
85 134
85 89
85 149
85 79
85 126
85 123
85 18
85 106
85 95
85 10
85 143
85 19
85 133
85 65
85 20
85 127
85 21
142 15
142 54
142 32
142 30
142 29
142 57
142 35
142 50
142 16
142 3
142 114
142 111
142 81
142 64
142 117
142 97
142 58
142 140
142 93
142 150
142 129
142 82
142 105
142 109
142 108
142 6
142 92
142 78
142 59
142 42
142 71
142 34
142 60
142 67
142 124
142 14
142 39
142 98
142 68
142 128
142 115
142 132
142 135
142 84
142 101
142 41
142 70
142 149
142 145
142 79
142 126
142 123
142 96
142 80
142 18
142 86
142 43
142 83
142 52
142 106
142 95
142 19
142 148
142 125
142 133
142 65
142 20
142 4
142 127
142 74
61 15
61 54
61 122
61 113
61 32
61 30
61 35
61 50
61 16
61 9
61 114
61 111
61 45
61 81
61 64
61 24
61 117
61 97
61 140
61 99
61 90
61 110
61 40
61 8
61 6
61 78
61 59
61 42
61 139
61 60
61 25
61 46
61 124
61 14
61 39
61 130
61 138
61 48
61 68
61 128
61 84
61 70
61 5
61 89
61 126
61 17
61 18
61 86
61 47
61 36
61 2
61 106
61 95
61 147
61 38
61 143
61 20
61 127
61 74
61 21
61 62
15 122
15 49
15 144
15 113
15 32
15 3
15 114
15 94
15 64
15 117
15 55
15 23
15 118
15 140
15 150
15 82
15 99
15 108
15 40
15 6
15 78
15 71
15 34
15 27
15 7
15 67
15 39
15 130
15 138
15 98
15 119
15 128
15 135
15 41
15 89
15 149
15 79
15 126
15 123
15 18
15 86
15 43
15 47
15 36
15 147
15 10
15 143
15 19
15 125
15 26
15 20
15 12
15 21
54 122
54 113
54 32
54 30
54 29
54 35
54 3
54 114
54 94
54 111
54 45
54 81
54 64
54 55
54 23
54 97
54 150
54 129
54 105
54 109
54 90
54 108
54 110
54 40
54 8
54 6
54 92
54 78
54 59
54 42
54 71
54 34
54 27
54 7
54 67
54 25
54 14
54 130
54 138
54 119
54 68
54 115
54 11
54 132
54 137
54 135
54 101
54 41
54 70
54 89
54 145
54 96
54 86
54 47
54 22
54 52
54 106
54 95
54 10
54 148
54 125
54 133
54 20
54 13
54 62
122 3
122 94
122 45
122 81
122 103
122 24
122 117
122 23
122 97
122 58
122 118
122 140
122 150
122 99
122 109
122 90
122 108
122 40
122 6
122 59
122 27
122 7
122 60
122 25
122 46
122 14
122 39
122 130
122 75
122 48
122 128
122 137
122 101
122 145
122 131
122 126
122 123
122 96
122 80
122 17
122 18
122 86
122 43
122 52
122 106
122 38
122 19
122 125
122 133
122 26
122 65
122 127
122 21
49 144
49 113
49 32
49 35
49 50
49 16
49 9
49 3
49 114
49 94
49 111
49 81
49 103
49 24
49 117
49 55
49 58
49 150
49 129
49 82
49 105
49 90
49 108
49 40
49 8
49 42
49 71
49 34
49 27
49 25
49 39
49 130
49 75
49 98
49 48
49 119
49 68
49 11
49 84
49 134
49 41
49 89
49 149
49 83
49 2
49 95
49 10
49 38
49 19
49 148
49 65
49 13
49 74
49 21
49 62
144 32
144 29
144 57
144 35
144 16
144 9
144 114
144 111
144 81
144 64
144 117
144 55
144 23
144 97
144 58
144 140
144 105
144 108
144 110
144 8
144 6
144 59
144 27
144 7
144 60
144 67
144 25
144 124
144 39
144 130
144 138
144 98
144 119
144 137
144 101
144 70
144 89
144 145
144 79
144 96
144 83
144 2
144 52
144 106
144 19
144 148
144 26
144 20
144 127
144 12
144 21
144 62
113 35
113 3
113 114
113 111
113 45
113 64
113 24
113 55
113 23
113 58
113 93
113 129
113 99
113 90
113 108
113 8
113 92
113 71
113 7
113 60
113 67
113 124
113 130
113 77
113 98
113 48
113 119
113 68
113 128
113 115
113 137
113 134
113 5
113 79
113 131
113 123
113 80
113 17
113 18
113 43
113 83
113 47
113 2
113 106
113 10
113 38
113 19
113 133
113 26
113 65
113 20
113 4
113 12
113 74
113 21
32 30
32 57
32 35
32 16
32 9
32 114
32 94
32 81
32 64
32 24
32 23
32 58
32 118
32 140
32 93
32 129
32 82
32 108
32 40
32 6
32 92
32 59
32 42
32 27
32 7
32 60
32 67
32 46
32 138
32 75
32 98
32 119
32 128
32 115
32 11
32 132
32 137
32 84
32 101
32 134
32 5
32 89
32 145
32 126
32 17
32 86
32 83
32 47
32 36
32 2
32 52
32 106
32 10
32 143
32 125
32 133
32 26
32 74
32 62
30 57
30 35
30 50
30 16
30 45
30 81
30 117
30 23
30 150
30 99
30 90
30 108
30 92
30 59
30 42
30 34
30 7
30 60
30 46
30 124
30 39
30 138
30 98
30 119
30 128
30 132
30 137
30 135
30 101
30 5
30 89
30 145
30 79
30 96
30 86
30 43
30 83
30 47
30 36
30 22
30 2
30 52
30 95
30 147
30 10
30 148
30 133
30 65
30 20
30 4
30 127
30 13
30 12
30 74
30 21
30 62
29 35
29 16
29 9
29 94
29 111
29 64
29 103
29 24
29 117
29 97
29 58
29 140
29 93
29 150
29 129
29 82
29 99
29 109
29 90
29 108
29 110
29 6
29 92
29 78
29 59
29 71
29 27
29 7
29 139
29 46
29 124
29 39
29 138
29 75
29 77
29 119
29 68
29 115
29 11
29 132
29 135
29 134
29 41
29 79
29 131
29 123
29 17
29 18
29 43
29 47
29 36
29 2
29 52
29 95
29 38
29 148
29 133
29 20
29 13
29 12
29 62
57 50
57 9
57 3
57 114
57 94
57 81
57 140
57 150
57 82
57 105
57 110
57 40
57 6
57 92
57 78
57 34
57 7
57 139
57 14
57 39
57 130
57 138
57 77
57 98
57 48
57 119
57 68
57 11
57 132
57 135
57 101
57 70
57 5
57 149
57 80
57 18
57 47
57 52
57 106
57 10
57 133
57 26
57 65
57 127
57 13
57 21
35 16
35 9
35 3
35 114
35 111
35 81
35 117
35 55
35 97
35 118
35 93
35 150
35 82
35 109
35 110
35 6
35 92
35 59
35 34
35 7
35 39
35 138
35 48
35 11
35 137
35 135
35 5
35 145
35 79
35 131
35 126
35 123
35 96
35 18
35 86
35 43
35 47
35 22
35 106
35 19
35 26
35 65
35 12
35 21
50 16
50 9
50 114
50 94
50 64
50 103
50 24
50 117
50 58
50 140
50 105
50 108
50 110
50 8
50 78
50 71
50 27
50 139
50 60
50 124
50 14
50 39
50 130
50 75
50 48
50 68
50 115
50 135
50 5
50 149
50 145
50 79
50 131
50 17
50 18
50 22
50 2
50 95
50 10
50 38
50 143
50 19
50 4
50 127
50 13
50 62
16 9
16 3
16 114
16 94
16 64
16 103
16 24
16 117
16 55
16 23
16 97
16 118
16 93
16 150
16 129
16 99
16 105
16 110
16 8
16 78
16 59
16 71
16 60
16 25
16 46
16 124
16 75
16 77
16 48
16 119
16 128
16 11
16 132
16 137
16 135
16 84
16 70
16 5
16 89
16 149
16 145
16 79
16 126
16 96
16 18
16 86
16 36
16 22
16 106
16 147
16 38
16 143
16 19
16 125
16 65
16 20
16 4
16 12
16 74
9 3
9 114
9 94
9 111
9 81
9 103
9 24
9 117
9 55
9 23
9 97
9 58
9 82
9 99
9 105
9 108
9 110
9 92
9 78
9 42
9 71
9 7
9 139
9 60
9 46
9 124
9 14
9 39
9 138
9 77
9 119
9 128
9 115
9 11
9 132
9 137
9 135
9 70
9 149
9 79
9 131
9 126
9 123
9 96
9 80
9 17
9 43
9 83
9 106
9 10
9 38
9 143
9 148
9 125
9 133
9 26
9 20
9 127
9 13
3 114
3 111
3 45
3 81
3 64
3 103
3 24
3 117
3 23
3 140
3 93
3 82
3 99
3 105
3 108
3 8
3 6
3 92
3 78
3 59
3 34
3 27
3 139
3 25
3 39
3 138
3 119
3 68
3 115
3 11
3 132
3 137
3 101
3 5
3 145
3 79
3 131
3 126
3 80
3 17
3 18
3 43
3 83
3 47
3 22
3 52
3 148
3 133
3 65
3 62
114 81
114 64
114 103
114 24
114 117
114 55
114 23
114 58
114 118
114 140
114 150
114 82
114 105
114 109
114 108
114 110
114 40
114 8
114 6
114 92
114 59
114 42
114 71
114 34
114 27
114 67
114 130
114 75
114 77
114 98
114 48
114 119
114 68
114 128
114 115
114 135
114 101
114 134
114 70
114 5
114 149
114 145
114 79
114 131
114 123
114 96
114 17
114 43
114 83
114 47
114 2
114 106
114 147
114 143
114 125
114 133
94 111
94 103
94 24
94 117
94 23
94 58
94 118
94 93
94 150
94 82
94 99
94 40
94 92
94 59
94 42
94 71
94 34
94 7
94 67
94 25
94 39
94 130
94 138
94 98
94 48
94 119
94 68
94 128
94 115
94 132
94 137
94 135
94 89
94 149
94 131
94 126
94 80
94 86
94 43
94 83
94 47
94 38
94 143
94 19
94 148
94 26
94 65
94 20
94 127
94 21
94 62
111 45
111 117
111 23
111 93
111 99
111 105
111 109
111 110
111 6
111 27
111 7
111 60
111 67
111 46
111 14
111 130
111 75
111 77
111 119
111 68
111 11
111 132
111 135
111 101
111 41
111 89
111 149
111 145
111 79
111 126
111 80
111 17
111 18
111 22
111 2
111 52
111 106
111 95
111 147
111 38
111 19
111 133
111 26
111 65
111 20
111 4
111 127
111 13
111 21
111 62
45 81
45 103
45 117
45 55
45 23
45 58
45 93
45 150
45 129
45 99
45 105
45 90
45 40
45 6
45 92
45 78
45 59
45 42
45 34
45 7
45 139
45 60
45 67
45 25
45 46
45 124
45 39
45 130
45 138
45 75
45 77
45 98
45 48
45 68
45 128
45 115
45 11
45 132
45 101
45 41
45 70
45 5
45 145
45 131
45 123
45 18
45 83
45 36
45 22
45 2
45 95
45 125
45 26
45 65
45 4
45 127
45 74
45 21
81 64
81 24
81 117
81 55
81 23
81 58
81 118
81 140
81 93
81 150
81 82
81 105
81 90
81 108
81 110
81 6
81 92
81 59
81 42
81 71
81 34
81 27
81 7
81 67
81 25
81 14
81 39
81 130
81 138
81 75
81 98
81 48
81 119
81 68
81 128
81 115
81 11
81 132
81 101
81 41
81 5
81 89
81 149
81 145
81 131
81 126
81 123
81 96
81 18
81 86
81 43
81 95
81 143
81 125
81 26
81 65
81 20
81 4
81 13
81 74
81 62
64 24
64 55
64 93
64 129
64 82
64 6
64 78
64 42
64 71
64 34
64 27
64 139
64 60
64 67
64 124
64 130
64 138
64 75
64 132
64 135
64 84
64 70
64 89
64 149
64 131
64 126
64 123
64 96
64 80
64 17
64 86
64 22
64 52
64 106
64 147
64 10
64 38
64 19
64 148
64 125
64 133
64 4
64 127
64 13
103 58
103 118
103 150
103 129
103 82
103 8
103 92
103 78
103 42
103 71
103 34
103 27
103 7
103 139
103 60
103 46
103 124
103 39
103 138
103 48
103 68
103 128
103 132
103 135
103 101
103 134
103 41
103 70
103 5
103 79
103 131
103 17
103 83
103 47
103 36
103 22
103 95
103 147
103 125
103 65
103 4
103 13
103 12
103 21
24 117
24 97
24 58
24 118
24 140
24 93
24 82
24 99
24 109
24 108
24 40
24 8
24 6
24 92
24 78
24 42
24 71
24 60
24 46
24 124
24 128
24 132
24 84
24 101
24 134
24 41
24 149
24 145
24 131
24 126
24 96
24 18
24 47
24 36
24 2
24 95
24 147
24 143
24 19
24 148
24 65
24 127
24 74
24 62
117 97
117 140
117 93
117 150
117 129
117 82
117 99
117 109
117 108
117 40
117 6
117 59
117 34
117 27
117 7
117 139
117 130
117 138
117 75
117 77
117 98
117 119
117 128
117 115
117 132
117 137
117 84
117 41
117 70
117 89
117 149
117 131
117 18
117 86
117 43
117 47
117 36
117 22
117 38
117 19
117 26
117 20
117 74
117 21
55 140
55 150
55 90
55 110
55 40
55 92
55 42
55 34
55 27
55 7
55 139
55 46
55 130
55 128
55 115
55 137
55 101
55 41
55 70
55 5
55 89
55 131
55 126
55 123
55 96
55 17
55 83
55 47
55 2
55 147
55 38
55 19
55 125
55 65
55 4
55 127
55 21
23 97
23 118
23 140
23 93
23 82
23 108
23 110
23 40
23 6
23 59
23 71
23 34
23 27
23 139
23 60
23 67
23 25
23 124
23 14
23 39
23 75
23 77
23 119
23 128
23 11
23 132
23 137
23 135
23 70
23 5
23 89
23 149
23 79
23 131
23 126
23 123
23 96
23 17
23 43
23 83
23 22
23 95
23 147
23 10
23 38
23 13
23 12
23 74
23 21
23 62
97 58
97 140
97 150
97 129
97 99
97 109
97 90
97 108
97 40
97 8
97 6
97 92
97 59
97 42
97 71
97 27
97 7
97 67
97 25
97 46
97 124
97 14
97 138
97 75
97 77
97 48
97 68
97 132
97 137
97 84
97 70
97 5
97 145
97 79
97 131
97 126
97 80
97 17
97 18
97 86
97 43
97 47
97 22
97 148
97 125
97 26
97 4
97 21
97 62
58 150
58 129
58 82
58 99
58 105
58 109
58 8
58 6
58 71
58 34
58 27
58 7
58 139
58 60
58 25
58 124
58 130
58 138
58 98
58 68
58 11
58 84
58 101
58 70
58 89
58 145
58 131
58 126
58 123
58 96
58 80
58 17
58 43
58 83
58 22
58 147
58 10
58 143
58 65
58 4
58 12
58 74
58 62
118 82
118 99
118 90
118 108
118 110
118 8
118 59
118 42
118 71
118 139
118 60
118 25
118 46
118 124
118 68
118 128
118 11
118 135
118 134
118 70
118 5
118 149
118 79
118 131
118 17
118 18
118 36
118 2
118 106
118 147
118 10
118 143
118 133
118 65
118 20
118 127
118 13
118 12
118 74
118 21
118 62
140 93
140 150
140 129
140 82
140 99
140 105
140 109
140 90
140 108
140 110
140 40
140 6
140 92
140 42
140 27
140 7
140 60
140 46
140 124
140 14
140 39
140 138
140 77
140 98
140 132
140 137
140 135
140 84
140 41
140 149
140 145
140 131
140 96
140 18
140 86
140 36
140 22
140 52
140 106
140 147
140 10
140 148
140 125
140 4
140 127
140 13
140 74
140 62
93 129
93 82
93 109
93 90
93 108
93 110
93 40
93 8
93 92
93 42
93 27
93 7
93 60
93 25
93 46
93 124
93 138
93 98
93 48
93 119
93 115
93 132
93 135
93 101
93 41
93 70
93 145
93 79
93 126
93 96
93 18
93 43
93 47
93 10
93 19
93 20
93 127
93 13
93 12
93 74
93 21
93 62
150 129
150 82
150 99
150 109
150 90
150 108
150 110
150 40
150 6
150 92
150 78
150 59
150 42
150 71
150 27
150 7
150 139
150 60
150 25
150 46
150 124
150 14
150 39
150 130
150 75
150 68
150 128
150 115
150 11
150 84
150 41
150 149
150 145
150 17
150 18
150 43
150 36
150 22
150 106
150 95
150 147
150 10
150 38
150 143
150 19
150 148
150 133
150 4
150 127
150 74
150 21
129 82
129 99
129 105
129 109
129 8
129 6
129 92
129 59
129 71
129 27
129 7
129 139
129 60
129 25
129 46
129 39
129 138
129 98
129 119
129 128
129 115
129 132
129 84
129 101
129 70
129 149
129 123
129 96
129 17
129 18
129 86
129 106
129 95
129 143
129 19
129 125
129 133
129 13
129 74
129 62
82 99
82 105
82 109
82 90
82 108
82 110
82 40
82 92
82 78
82 42
82 34
82 27
82 7
82 60
82 25
82 46
82 124
82 138
82 75
82 77
82 115
82 11
82 132
82 137
82 84
82 41
82 149
82 126
82 96
82 86
82 47
82 22
82 52
82 95
82 147
82 10
82 38
82 19
82 125
82 26
82 65
82 20
82 13
82 12
82 74
82 62
99 109
99 90
99 108
99 6
99 92
99 78
99 59
99 42
99 34
99 27
99 7
99 139
99 67
99 25
99 46
99 124
99 39
99 130
99 138
99 77
99 98
99 68
99 135
99 101
99 70
99 5
99 89
99 145
99 126
99 96
99 17
99 18
99 86
99 36
99 22
99 147
99 38
99 143
99 148
99 26
99 65
99 20
99 4
99 13
99 12
99 74
105 109
105 90
105 108
105 110
105 6
105 92
105 78
105 59
105 42
105 71
105 34
105 27
105 7
105 67
105 25
105 46
105 124
105 130
105 138
105 68
105 115
105 11
105 135
105 101
105 149
105 145
105 126
105 96
105 17
105 18
105 86
105 43
105 36
105 22
105 52
105 106
105 95
105 143
105 148
105 125
105 20
105 4
105 13
105 12
109 6
109 92
109 59
109 42
109 7
109 139
109 67
109 25
109 39
109 130
109 138
109 77
109 119
109 68
109 128
109 115
109 132
109 101
109 134
109 149
109 79
109 126
109 80
109 86
109 22
109 52
109 106
109 95
109 147
109 10
109 38
109 143
109 19
109 148
109 26
109 20
109 127
109 12
109 74
109 21
109 62
90 108
90 110
90 40
90 6
90 92
90 59
90 42
90 34
90 27
90 7
90 139
90 60
90 67
90 46
90 124
90 14
90 39
90 138
90 75
90 98
90 48
90 68
90 115
90 11
90 132
90 135
90 70
90 89
90 149
90 131
90 123
90 96
90 80
90 18
90 43
90 36
90 2
90 52
90 95
90 10
90 38
90 148
90 26
90 20
90 127
90 13
90 12
90 74
108 110
108 40
108 8
108 6
108 78
108 59
108 42
108 27
108 7
108 139
108 60
108 46
108 124
108 39
108 75
108 77
108 98
108 119
108 68
108 128
108 84
108 101
108 70
108 5
108 149
108 145
108 80
108 17
108 18
108 83
108 2
108 106
108 95
108 19
108 148
108 125
108 65
108 20
108 13
108 12
108 21
110 40
110 8
110 6
110 78
110 59
110 42
110 34
110 27
110 7
110 67
110 25
110 46
110 138
110 77
110 98
110 48
110 68
110 128
110 11
110 132
110 137
110 84
110 134
110 41
110 70
110 5
110 89
110 145
110 79
110 123
110 96
110 83
110 47
110 36
110 2
110 95
110 147
110 19
110 148
110 125
110 65
110 20
110 4
110 13
110 12
40 42
40 71
40 27
40 7
40 60
40 67
40 46
40 124
40 14
40 138
40 75
40 77
40 98
40 68
40 135
40 84
40 101
40 134
40 70
40 5
40 149
40 145
40 79
40 131
40 86
40 43
40 95
40 10
40 38
40 19
40 148
40 125
40 133
40 26
40 20
40 13
40 12
40 21
8 6
8 92
8 59
8 42
8 71
8 34
8 27
8 60
8 67
8 46
8 124
8 14
8 138
8 77
8 48
8 119
8 128
8 137
8 135
8 84
8 101
8 134
8 41
8 149
8 145
8 131
8 126
8 96
8 80
8 86
8 47
8 106
8 10
8 38
8 19
8 148
8 26
8 20
8 127
8 13
8 12
8 62
6 92
6 59
6 42
6 27
6 7
6 139
6 60
6 46
6 124
6 14
6 39
6 130
6 75
6 77
6 48
6 119
6 68
6 128
6 11
6 135
6 101
6 134
6 5
6 89
6 145
6 79
6 131
6 126
6 96
6 80
6 86
6 43
6 36
6 52
6 147
6 26
6 4
6 127
6 13
92 59
92 42
92 71
92 34
92 7
92 139
92 60
92 25
92 46
92 124
92 75
92 77
92 119
92 128
92 115
92 84
92 41
92 70
92 131
92 123
92 17
92 18
92 47
92 36
92 22
92 38
92 19
92 148
92 125
92 133
92 26
92 4
92 74
78 59
78 42
78 71
78 27
78 7
78 25
78 46
78 14
78 130
78 138
78 75
78 48
78 119
78 115
78 11
78 137
78 135
78 70
78 5
78 89
78 149
78 145
78 79
78 131
78 123
78 80
78 18
78 86
78 47
78 22
78 147
78 19
78 125
78 133
78 26
78 20
78 4
78 13
78 74
78 62
59 42
59 71
59 34
59 27
59 7
59 139
59 60
59 46
59 130
59 75
59 77
59 98
59 119
59 68
59 128
59 115
59 11
59 132
59 137
59 135
59 84
59 101
59 134
59 70
59 5
59 89
59 149
59 79
59 126
59 80
59 17
59 83
59 47
59 36
59 22
59 2
59 52
59 106
59 147
59 10
59 19
59 133
59 127
59 13
59 12
59 74
59 21
42 71
42 34
42 27
42 7
42 139
42 60
42 67
42 25
42 124
42 39
42 138
42 98
42 48
42 128
42 115
42 11
42 132
42 135
42 134
42 41
42 5
42 89
42 149
42 145
42 79
42 131
42 123
42 80
42 18
42 43
42 83
42 36
42 22
42 106
42 10
42 38
42 143
42 133
42 65
42 13
42 12
71 27
71 139
71 60
71 25
71 46
71 124
71 14
71 138
71 98
71 137
71 134
71 149
71 145
71 79
71 123
71 96
71 80
71 17
71 18
71 86
71 43
71 2
71 52
71 95
71 38
71 143
71 125
71 26
71 127
71 13
71 21
34 7
34 139
34 46
34 14
34 138
34 75
34 98
34 48
34 11
34 134
34 89
34 149
34 79
34 123
34 96
34 18
34 86
34 43
34 83
34 47
34 2
34 52
34 106
34 147
34 10
34 38
34 143
34 19
34 125
34 65
34 20
34 12
34 74
27 7
27 139
27 60
27 46
27 124
27 14
27 48
27 119
27 11
27 132
27 137
27 101
27 134
27 41
27 5
27 80
27 17
27 43
27 83
27 47
27 22
27 10
27 133
27 26
27 65
27 13
27 12
27 21
7 139
7 60
7 67
7 46
7 130
7 77
7 48
7 119
7 68
7 128
7 115
7 132
7 137
7 84
7 5
7 149
7 126
7 123
7 18
7 83
7 36
7 22
7 2
7 106
7 95
7 147
7 143
7 125
7 133
7 26
7 4
7 13
7 12
7 74
7 62
139 60
139 67
139 25
139 46
139 48
139 68
139 115
139 132
139 137
139 135
139 84
139 134
139 5
139 149
139 131
139 126
139 123
139 96
139 80
139 17
139 43
139 83
139 47
139 2
139 10
139 143
139 19
139 148
139 133
139 65
139 13
139 62
60 67
60 25
60 46
60 124
60 14
60 39
60 138
60 75
60 77
60 119
60 68
60 128
60 115
60 132
60 137
60 135
60 101
60 41
60 70
60 123
60 43
60 83
60 47
60 36
60 2
60 95
60 10
60 143
60 148
60 125
60 26
60 20
60 4
60 12
67 46
67 14
67 75
67 77
67 48
67 68
67 115
67 11
67 137
67 135
67 101
67 134
67 41
67 89
67 131
67 17
67 83
67 47
67 36
67 22
67 2
67 147
67 10
67 148
67 125
67 127
25 46
25 14
25 39
25 130
25 138
25 48
25 119
25 68
25 132
25 84
25 101
25 134
25 5
25 79
25 131
25 18
25 86
25 47
25 22
25 52
25 106
25 147
25 10
25 38
25 19
25 133
25 65
25 127
25 13
25 21
46 14
46 130
46 75
46 98
46 48
46 119
46 68
46 115
46 11
46 132
46 41
46 89
46 79
46 131
46 80
46 18
46 86
46 43
46 83
46 47
46 52
46 106
46 95
46 147
46 143
46 148
46 74
124 130
124 138
124 75
124 48
124 119
124 128
124 84
124 101
124 41
124 5
124 89
124 149
124 79
124 18
124 86
124 83
124 47
124 22
124 2
124 10
124 143
124 125
124 4
124 74
124 21
14 130
14 138
14 98
14 48
14 119
14 68
14 128
14 115
14 132
14 137
14 135
14 84
14 70
14 89
14 149
14 96
14 36
14 2
14 106
14 143
14 19
14 26
14 65
14 4
14 127
14 21
39 130
39 48
39 68
39 115
39 132
39 137
39 134
39 41
39 131
39 123
39 86
39 36
39 52
39 95
39 147
39 38
39 133
39 26
39 65
39 20
39 4
39 127
39 74
39 21
130 98
130 68
130 128
130 132
130 137
130 135
130 84
130 101
130 134
130 41
130 70
130 149
130 79
130 123
130 96
130 17
130 18
130 86
130 83
130 36
130 22
130 95
130 147
130 38
130 143
130 19
130 133
130 65
130 4
130 13
130 12
130 74
138 77
138 98
138 48
138 68
138 115
138 11
138 132
138 137
138 135
138 70
138 145
138 79
138 123
138 96
138 18
138 86
138 36
138 95
138 147
138 10
138 143
138 19
138 125
138 133
138 26
138 20
138 4
138 74
138 21
138 62
75 68
75 115
75 11
75 132
75 137
75 135
75 84
75 101
75 145
75 79
75 131
75 96
75 17
75 86
75 43
75 83
75 36
75 2
75 52
75 95
75 10
75 143
75 148
75 125
75 133
75 65
75 20
75 4
75 12
75 74
75 21
77 48
77 119
77 128
77 115
77 101
77 134
77 41
77 70
77 89
77 145
77 131
77 126
77 123
77 96
77 80
77 86
77 36
77 22
77 2
77 106
77 19
77 148
77 127
77 13
77 21
98 48
98 119
98 68
98 128
98 11
98 132
98 137
98 84
98 101
98 134
98 41
98 70
98 5
98 89
98 145
98 80
98 17
98 18
98 43
98 83
98 47
98 36
98 22
98 2
98 52
98 95
98 10
98 38
98 143
98 125
98 20
98 127
98 74
98 62
48 68
48 128
48 84
48 134
48 5
48 145
48 79
48 126
48 96
48 17
48 18
48 47
48 95
48 10
48 38
48 143
48 19
48 148
48 133
48 26
48 20
48 74
48 62
119 68
119 128
119 132
119 137
119 101
119 134
119 70
119 5
119 89
119 145
119 79
119 131
119 123
119 96
119 17
119 18
119 43
119 83
119 47
119 36
119 22
119 106
119 95
119 10
119 143
119 19
119 148
119 125
119 65
119 127
119 12
119 74
68 128
68 115
68 11
68 132
68 137
68 84
68 101
68 134
68 41
68 70
68 5
68 149
68 145
68 79
68 131
68 126
68 123
68 86
68 43
68 36
68 22
68 2
68 95
68 38
68 143
68 19
68 125
68 133
68 26
68 65
68 20
68 12
128 11
128 137
128 84
128 101
128 134
128 41
128 145
128 123
128 17
128 18
128 22
128 106
128 95
128 10
128 143
128 19
128 148
128 125
128 133
128 20
128 74
128 21
128 62
115 132
115 84
115 101
115 134
115 41
115 70
115 89
115 79
115 131
115 123
115 96
115 17
115 86
115 43
115 83
115 47
115 36
115 2
115 95
115 147
115 10
115 38
115 143
115 19
115 148
115 65
115 21
11 132
11 135
11 84
11 79
11 131
11 123
11 96
11 80
11 17
11 83
11 147
11 38
11 143
11 19
11 65
11 20
11 62
132 137
132 135
132 101
132 41
132 5
132 149
132 145
132 79
132 131
132 126
132 96
132 86
132 83
132 47
132 36
132 22
132 52
132 106
132 147
132 10
132 19
132 148
132 125
132 20
132 4
132 13
132 12
132 74
132 62
137 135
137 101
137 41
137 70
137 5
137 79
137 131
137 126
137 96
137 43
137 36
137 2
137 95
137 147
137 143
137 125
137 26
137 20
137 4
137 127
137 12
137 21
135 101
135 134
135 41
135 70
135 126
135 123
135 18
135 43
135 47
135 22
135 2
135 10
135 143
135 133
135 74
135 21
135 62
84 101
84 134
84 41
84 5
84 89
84 149
84 145
84 79
84 131
84 126
84 43
84 83
84 106
84 143
84 148
84 133
84 26
84 127
84 74
84 21
84 62
101 70
101 5
101 149
101 145
101 79
101 96
101 80
101 18
101 86
101 43
101 83
101 47
101 2
101 52
101 38
101 143
101 148
101 133
101 65
101 20
101 13
101 74
101 62
134 70
134 89
134 79
134 126
134 123
134 80
134 17
134 86
134 43
134 83
134 2
134 106
134 10
134 38
134 19
134 125
134 133
134 20
134 4
134 127
134 13
134 74
134 21
134 62
41 70
41 5
41 149
41 131
41 126
41 123
41 18
41 86
41 47
41 36
41 22
41 2
41 52
41 147
41 10
41 143
41 19
41 125
41 133
41 20
41 74
70 5
70 89
70 149
70 145
70 79
70 126
70 123
70 80
70 17
70 83
70 36
70 2
70 147
70 38
70 143
70 26
70 20
70 4
70 13
70 74
70 21
5 145
5 79
5 131
5 126
5 96
5 80
5 17
5 18
5 83
5 36
5 22
5 2
5 52
5 95
5 147
5 19
5 148
5 125
5 26
5 20
5 13
5 74
5 21
5 62
89 149
89 80
89 22
89 52
89 106
89 95
89 10
89 148
89 133
89 26
89 20
89 4
89 13
89 74
89 62
149 145
149 131
149 126
149 123
149 18
149 43
149 36
149 52
149 147
149 10
149 143
149 19
149 148
149 20
149 4
149 127
145 79
145 123
145 80
145 83
145 47
145 22
145 106
145 95
145 148
145 125
145 133
145 65
145 127
145 12
79 131
79 126
79 80
79 17
79 47
79 143
79 19
79 125
79 65
79 20
79 127
79 62
131 126
131 123
131 96
131 18
131 43
131 83
131 47
131 22
131 106
131 38
131 133
131 26
131 65
131 127
131 21
126 123
126 18
126 86
126 43
126 22
126 2
126 52
126 106
126 95
126 38
126 143
126 125
126 20
126 127
126 12
126 74
126 62
123 86
123 43
123 83
123 47
123 22
123 2
123 52
123 10
123 38
123 143
123 19
123 148
123 65
123 4
123 74
123 21
96 18
96 43
96 47
96 22
96 2
96 95
96 147
96 38
96 143
96 20
96 4
96 127
96 12
96 74
96 21
96 62
80 18
80 86
80 43
80 83
80 47
80 36
80 2
80 106
80 95
80 10
80 38
80 148
80 125
80 133
80 26
80 65
80 127
80 13
80 74
80 62
17 18
17 86
17 83
17 47
17 36
17 2
17 95
17 147
17 38
17 143
17 148
17 125
17 133
17 26
17 65
17 12
17 21
17 62
18 83
18 22
18 106
18 10
18 38
18 143
18 65
18 20
18 4
18 127
18 13
18 12
18 21
86 47
86 36
86 22
86 2
86 106
86 95
86 147
86 10
86 143
86 148
86 133
86 26
86 20
86 127
86 13
86 12
86 74
86 21
86 62
43 83
43 47
43 36
43 22
43 2
43 106
43 95
43 38
43 143
43 19
43 148
43 125
43 133
43 20
43 4
43 13
43 12
43 21
43 62
83 52
83 106
83 10
83 38
83 19
83 148
83 125
83 26
83 20
83 4
83 13
47 36
47 22
47 106
47 147
47 38
47 148
47 125
47 20
47 4
47 127
47 13
36 125
36 133
36 26
36 20
36 4
36 13
36 21
36 62
22 38
22 125
22 133
22 20
22 4
22 12
22 21
2 52
2 106
2 95
2 147
2 38
2 143
2 19
2 125
2 133
2 65
2 20
2 127
2 74
2 62
52 95
52 38
52 143
52 148
52 133
52 20
52 12
52 74
52 62
106 148
106 125
106 65
106 4
106 127
106 13
106 12
106 21
106 62
95 147
95 10
95 38
95 143
95 19
95 133
95 26
95 65
95 20
95 4
95 127
95 13
95 74
95 62
147 10
147 38
147 148
147 133
147 65
147 20
147 74
147 21
147 62
10 143
10 65
10 4
10 12
10 74
10 21
38 143
38 125
38 133
38 26
38 65
38 4
38 13
38 21
143 19
143 148
143 133
143 20
143 13
143 12
143 74
19 148
19 4
19 127
19 13
19 21
19 62
148 125
148 65
148 127
148 13
148 74
148 62
125 133
125 26
125 127
125 13
125 21
133 26
133 20
133 127
133 74
133 21
133 62
26 21
26 62
65 20
65 74
20 127
20 13
20 21
20 62
4 127
4 12
4 74
4 21
4 62
127 13
13 62
12 74
12 21
