50
852
18 37
18 25
18 23
18 48
18 11
18 32
18 21
18 47
18 42
18 40
18 26
18 3
18 28
18 45
18 5
18 29
18 39
18 8
18 30
18 17
18 34
18 22
18 20
18 14
18 13
18 36
18 43
18 7
18 50
18 15
18 16
18 31
18 12
18 41
18 35
18 24
18 44
18 6
2 4
2 37
2 23
2 48
2 11
2 32
2 21
2 47
2 42
2 40
2 28
2 45
2 5
2 9
2 39
2 8
2 34
2 20
2 14
2 13
2 27
2 43
2 7
2 1
2 50
2 15
2 19
2 16
2 31
2 38
2 12
2 41
2 35
2 46
2 24
2 6
4 37
4 25
4 23
4 48
4 11
4 32
4 21
4 47
4 42
4 40
4 3
4 28
4 45
4 5
4 9
4 39
4 8
4 30
4 17
4 34
4 20
4 14
4 13
4 36
4 43
4 7
4 1
4 50
4 15
4 19
4 16
4 49
4 10
4 31
4 38
4 33
4 12
4 41
4 35
4 24
4 44
4 6
37 25
37 23
37 48
37 11
37 32
37 21
37 47
37 42
37 26
37 3
37 28
37 45
37 9
37 29
37 39
37 30
37 34
37 22
37 20
37 14
37 13
37 27
37 36
37 43
37 1
37 50
37 49
37 38
37 33
37 41
37 35
37 6
25 23
25 48
25 11
25 32
25 21
25 47
25 42
25 40
25 3
25 28
25 45
25 5
25 9
25 29
25 30
25 17
25 34
25 22
25 20
25 14
25 13
25 36
25 43
25 1
25 50
25 15
25 49
25 10
25 38
25 12
25 41
25 35
25 24
25 6
23 11
23 21
23 47
23 42
23 3
23 29
23 30
23 34
23 22
23 20
23 14
23 13
23 27
23 36
23 1
23 50
23 19
23 16
23 49
23 38
23 33
23 12
23 46
23 24
23 6
48 11
48 21
48 47
48 42
48 40
48 3
48 28
48 45
48 5
48 9
48 29
48 39
48 8
48 30
48 34
48 22
48 20
48 13
48 27
48 36
48 43
48 7
48 1
48 15
48 19
48 49
48 31
48 38
48 41
48 35
48 46
48 24
48 44
48 6
11 32
11 21
11 47
11 40
11 3
11 28
11 5
11 9
11 29
11 39
11 8
11 30
11 17
11 34
11 20
11 14
11 13
11 43
11 1
11 15
11 19
11 16
11 49
11 31
11 38
11 12
11 41
11 35
11 46
11 24
11 44
11 6
32 21
32 47
32 42
32 40
32 26
32 3
32 45
32 9
32 29
32 30
32 34
32 22
32 20
32 14
32 13
32 27
32 36
32 43
32 1
32 15
32 49
32 10
32 31
32 38
32 33
32 12
32 41
32 35
32 46
32 24
32 44
21 42
21 40
21 26
21 3
21 28
21 45
21 5
21 9
21 8
21 30
21 17
21 22
21 20
21 13
21 27
21 43
21 7
21 50
21 19
21 16
21 10
21 31
21 38
21 33
21 41
21 35
21 46
21 24
21 6
47 42
47 40
47 26
47 3
47 28
47 45
47 5
47 29
47 39
47 30
47 17
47 34
47 20
47 27
47 36
47 7
47 50
47 15
47 19
47 16
47 49
47 10
47 31
47 38
47 33
47 12
47 41
47 35
47 24
47 6
42 40
42 3
42 28
42 5
42 29
42 39
42 8
42 30
42 34
42 22
42 20
42 14
42 13
42 27
42 43
42 7
42 50
42 15
42 19
42 16
42 31
42 38
42 33
42 12
42 41
42 46
42 24
42 6
40 26
40 5
40 9
40 29
40 39
40 17
40 34
40 22
40 20
40 14
40 13
40 27
40 36
40 43
40 1
40 15
40 19
40 16
40 38
40 33
40 12
40 35
40 44
40 6
26 3
26 28
26 45
26 5
26 9
26 29
26 39
26 8
26 30
26 34
26 22
26 20
26 14
26 27
26 7
26 1
26 50
26 15
26 16
26 10
26 31
26 38
26 33
26 12
26 41
26 46
26 24
26 44
26 6
3 28
3 45
3 5
3 9
3 29
3 8
3 17
3 22
3 20
3 14
3 27
3 36
3 1
3 50
3 16
3 10
3 12
3 41
3 6
28 45
28 9
28 29
28 39
28 8
28 17
28 34
28 22
28 14
28 13
28 27
28 43
28 1
28 50
28 19
28 16
28 49
28 10
28 31
28 38
28 33
28 12
28 41
28 35
28 46
28 24
28 6
45 9
45 29
45 39
45 8
45 30
45 34
45 22
45 14
45 13
45 27
45 36
45 43
45 1
45 19
45 31
45 38
45 12
45 41
45 46
45 44
45 6
5 17
5 22
5 20
5 14
5 27
5 43
5 1
5 15
5 19
5 16
5 10
5 38
5 33
5 12
5 41
5 35
5 46
5 24
5 6
9 8
9 17
9 34
9 22
9 20
9 27
9 1
9 50
9 15
9 19
9 16
9 49
9 10
9 31
9 12
9 41
9 35
9 44
29 30
29 17
29 34
29 22
29 20
29 14
29 36
29 43
29 1
29 50
29 15
29 16
29 10
29 31
29 38
29 33
29 35
29 46
39 17
39 34
39 22
39 13
39 27
39 36
39 7
39 15
39 49
39 10
39 31
39 33
39 35
39 46
39 24
39 44
39 6
8 34
8 22
8 20
8 13
8 27
8 36
8 43
8 1
8 15
8 16
8 49
8 31
8 38
8 33
8 12
8 41
8 35
8 24
30 17
30 34
30 22
30 20
30 14
30 13
30 27
30 36
30 43
30 7
30 50
30 19
30 49
30 10
30 31
30 38
30 12
30 41
30 35
30 46
30 24
30 44
17 22
17 20
17 27
17 43
17 7
17 1
17 50
17 15
17 19
17 16
17 10
17 38
17 33
17 12
17 35
17 46
17 24
17 6
34 22
34 20
34 13
34 27
34 36
34 43
34 1
34 15
34 19
34 16
34 10
34 12
34 35
34 46
34 24
34 44
34 6
22 20
22 14
22 27
22 36
22 43
22 7
22 1
22 15
22 19
22 16
22 10
22 38
22 41
22 35
22 24
22 44
22 6
20 14
20 13
20 27
20 36
20 43
20 7
20 1
20 50
20 15
20 19
20 16
20 49
20 31
20 33
20 12
20 35
20 24
20 44
14 13
14 27
14 36
14 43
14 7
14 1
14 15
14 49
14 38
14 12
14 41
14 46
14 24
14 44
13 36
13 1
13 50
13 16
13 33
13 12
13 41
13 35
13 46
13 24
13 6
27 36
27 43
27 7
27 1
27 15
27 16
27 49
27 31
27 12
27 35
27 24
27 44
36 43
36 1
36 50
36 15
36 19
36 16
36 49
36 10
36 38
36 33
36 12
36 41
36 35
36 24
36 44
36 6
43 7
43 50
43 15
43 38
43 33
43 12
43 24
43 44
7 1
7 50
7 15
7 19
7 16
7 49
7 31
7 38
7 33
7 35
7 46
7 44
7 6
1 50
1 15
1 19
1 16
1 49
1 12
1 35
1 46
1 24
50 15
50 16
50 49
50 10
50 31
50 12
50 35
50 46
50 44
15 16
15 31
15 38
15 41
15 35
15 24
19 31
19 38
19 12
19 35
19 46
19 24
19 44
16 49
16 10
16 33
16 12
16 41
16 44
16 6
49 10
49 31
49 33
49 12
49 41
49 35
49 46
49 24
49 44
49 6
10 38
10 33
10 41
10 35
10 46
10 24
10 6
31 38
31 12
31 41
31 46
38 33
38 12
38 41
38 46
38 44
38 6
33 12
33 41
33 35
33 46
33 24
33 44
12 41
12 35
12 46
12 24
12 6
41 46
41 24
41 44
41 6
35 46
35 24
35 44
46 24
24 44
