100
446
33 51
33 63
33 54
33 90
33 59
33 25
33 68
51 91
51 15
51 54
51 9
51 3
51 24
51 99
51 90
51 40
51 6
51 78
51 59
51 71
51 7
51 25
51 46
100 37
100 31
100 88
100 85
100 9
28 31
28 53
28 69
28 1
28 91
28 85
28 49
28 35
28 16
28 9
28 3
28 24
37 56
37 44
37 1
37 35
37 9
37 99
73 72
73 32
87 31
87 85
63 72
63 69
63 1
63 88
63 85
63 49
63 35
63 9
63 34
31 72
31 53
31 56
31 66
31 44
31 76
31 69
31 1
31 91
31 85
31 61
31 54
31 49
31 32
31 35
31 16
31 45
31 81
31 24
31 90
31 59
31 7
72 53
72 56
72 66
72 76
72 69
72 88
72 85
72 15
72 54
72 49
72 35
72 50
72 16
72 9
72 94
72 92
72 86
53 56
53 44
53 76
53 69
53 1
53 88
53 91
53 85
53 54
53 49
53 35
53 16
53 9
53 3
53 81
53 25
56 44
56 76
56 1
56 91
56 35
56 16
56 81
56 64
66 44
66 1
66 88
66 54
66 9
66 81
66 90
66 71
66 13
44 1
44 85
44 16
44 78
44 34
44 98
76 69
76 1
76 49
76 35
76 9
76 81
76 27
76 17
76 86
69 1
69 54
69 49
69 32
69 29
69 35
69 50
69 16
69 9
69 3
69 81
69 24
69 93
1 88
1 85
1 32
1 29
1 35
1 50
1 16
1 9
1 3
1 81
1 24
1 78
1 59
88 49
88 29
88 9
88 6
91 49
91 35
91 81
91 90
91 59
91 46
91 68
85 61
85 15
85 35
85 16
85 81
85 24
85 8
54 32
54 29
54 35
54 3
54 45
54 81
54 90
54 8
54 92
54 78
54 59
54 71
54 27
54 25
54 68
54 70
54 86
54 95
54 20
49 35
49 50
49 9
49 81
49 41
49 62
32 81
32 24
32 59
29 35
29 16
29 9
29 24
29 97
29 93
29 82
29 6
29 71
29 27
29 7
29 46
35 16
35 9
35 3
35 81
35 97
35 5
50 9
50 24
16 9
16 3
16 24
16 25
9 3
9 81
9 24
3 81
3 24
3 59
3 27
3 25
3 68
94 24
45 81
45 90
45 6
45 78
45 59
45 42
45 60
45 25
45 46
45 77
45 48
45 68
45 11
45 70
45 5
81 24
81 93
81 90
81 59
81 42
81 27
81 25
81 68
81 41
81 86
81 95
81 65
24 82
24 71
55 40
55 46
97 99
97 90
97 6
97 92
97 59
97 42
97 27
97 7
97 67
97 5
58 82
58 99
58 8
58 6
58 71
58 27
58 25
93 82
93 90
93 92
93 42
93 27
93 7
93 60
93 25
82 99
82 90
82 40
82 92
82 42
82 34
82 27
82 7
82 60
82 25
99 90
99 6
99 92
99 42
99 27
99 7
99 67
99 25
99 46
90 6
90 92
90 59
90 42
90 27
90 7
90 60
90 46
90 13
40 7
40 46
8 6
8 92
8 67
6 92
6 59
6 27
6 60
6 46
6 5
92 42
92 71
92 7
92 60
92 25
78 59
78 71
78 7
78 46
78 11
59 42
59 27
59 7
59 46
59 68
59 79
42 27
42 60
42 5
71 25
71 14
34 7
34 46
27 7
27 60
27 46
27 14
7 60
60 25
60 46
67 46
67 14
67 48
25 46
25 14
25 39
25 68
25 86
25 13
46 75
75 95
77 41
98 48
98 84
68 41
68 70
68 5
68 79
68 86
68 95
68 20
11 79
11 62
70 5
70 20
5 79
96 43
96 95
96 21
80 43
17 86
17 38
17 62
18 4
18 21
86 47
86 22
86 95
86 26
86 20
86 13
86 74
86 21
86 62
43 95
43 19
43 20
83 38
47 22
47 38
47 4
22 4
2 38
2 19
95 10
95 38
95 19
95 65
95 20
95 62
10 65
10 4
19 21
26 62
65 20
20 13
20 62
4 21
13 62
