100
433
18 99
18 65
18 48
18 70
18 32
18 47
18 3
18 28
18 29
18 77
18 82
18 57
18 8
18 74
18 96
18 81
18 14
18 36
2 99
2 4
2 45
52 4
52 37
52 40
52 89
52 28
52 45
52 77
90 99
90 76
90 25
90 64
90 21
90 47
90 26
90 28
90 45
90 57
90 60
99 4
99 66
99 25
99 23
99 48
99 11
99 21
99 47
99 42
99 40
99 94
99 3
99 28
99 45
99 77
99 72
99 57
99 22
99 14
99 36
99 56
99 1
99 46
76 4
76 25
76 47
76 57
4 37
4 25
4 23
4 48
4 32
4 21
4 42
4 40
4 88
4 28
4 45
4 9
4 77
4 72
4 57
4 81
4 84
66 25
66 65
66 23
66 48
66 70
66 42
66 26
66 28
66 45
66 29
37 23
37 48
37 11
37 21
37 47
37 88
37 26
37 28
37 45
37 9
37 57
37 34
37 60
25 65
25 48
25 11
25 32
25 21
25 47
25 40
25 94
25 3
25 89
25 28
25 45
25 9
25 29
25 77
25 72
25 22
25 36
65 94
65 60
65 36
65 54
65 83
65 69
23 71
23 11
23 21
23 94
23 89
23 77
23 72
23 68
23 22
23 20
23 27
71 20
71 83
48 70
48 21
48 47
48 94
48 3
48 89
48 28
48 45
48 77
48 72
48 22
11 32
11 40
11 94
11 3
11 9
11 77
11 72
11 57
11 68
11 20
11 14
11 54
11 49
70 47
70 26
70 28
32 40
32 26
32 94
32 3
32 45
32 72
32 57
32 20
32 96
32 81
32 14
32 13
32 59
32 1
32 53
32 54
32 12
32 24
64 85
64 95
64 6
21 3
21 89
21 28
21 45
21 77
21 22
21 20
47 28
47 45
47 29
47 77
47 96
47 58
42 29
42 77
42 38
42 12
40 72
88 28
88 45
26 89
26 28
26 45
26 5
26 9
26 29
26 77
26 57
26 20
94 89
94 28
94 29
94 77
94 57
94 68
94 22
94 20
94 27
94 36
94 43
3 28
3 45
3 72
3 14
3 1
3 54
89 9
89 77
89 17
28 45
28 9
28 29
28 77
28 72
28 57
28 14
45 9
45 29
45 77
45 57
45 14
5 92
9 77
29 72
29 57
77 72
77 82
77 17
72 57
72 34
72 22
72 20
72 14
72 7
72 1
72 53
72 15
72 54
72 49
72 12
91 22
82 98
82 17
82 96
57 74
57 34
57 22
57 20
57 96
57 13
57 84
57 83
57 55
57 6
39 86
39 59
39 61
98 74
98 96
98 81
98 13
98 33
8 68
8 34
8 13
8 27
8 60
8 43
74 30
74 22
74 14
74 13
74 27
74 36
74 56
74 1
74 50
74 83
74 69
74 55
79 27
30 20
30 56
68 62
68 59
68 27
68 43
62 27
17 43
17 33
34 20
34 59
34 27
34 36
34 56
34 53
34 55
22 96
22 59
22 36
22 56
22 1
22 54
22 92
20 14
20 59
20 27
20 36
20 84
20 43
20 49
96 81
96 59
96 27
96 36
96 84
96 54
96 55
81 59
81 84
81 7
81 54
14 59
14 27
14 36
14 7
14 1
14 15
14 12
13 59
13 1
13 50
13 6
86 60
59 36
59 56
59 53
59 54
27 36
27 84
27 56
27 43
60 36
36 56
36 43
36 69
36 55
36 10
36 58
84 54
56 43
56 54
43 92
43 93
7 1
7 83
7 69
7 49
7 51
7 97
1 50
1 53
1 54
1 19
1 83
1 55
1 73
1 49
50 85
53 78
53 49
15 55
54 78
54 69
19 55
83 49
78 49
69 73
55 12
49 93
85 33
51 12
51 46
10 80
10 41
10 24
87 100
38 12
38 61
33 97
33 95
12 93
12 80
12 41
12 6
93 35
93 61
93 97
58 35
58 61
80 6
35 46
