200
10368
195 33
195 51
195 100
195 28
195 102
195 73
195 87
195 116
195 63
195 121
195 31
195 152
195 72
195 53
195 146
195 56
195 66
195 44
195 76
195 69
195 1
195 88
195 141
195 112
195 91
195 164
195 163
195 85
195 142
195 54
195 171
195 49
195 144
195 158
195 32
195 188
195 29
195 57
195 35
195 50
195 9
195 3
195 114
195 162
195 94
195 81
195 64
195 189
195 196
195 97
195 166
195 118
195 140
195 93
195 198
195 180
195 150
195 185
195 99
195 109
195 108
195 110
195 40
195 8
195 156
195 6
195 92
195 78
195 59
195 7
195 139
195 25
195 176
195 170
195 124
195 194
195 14
195 39
195 130
195 138
195 75
195 98
195 128
195 115
195 11
195 132
195 137
195 135
195 84
195 161
195 175
195 134
195 70
195 157
195 149
195 145
195 153
195 79
195 192
195 126
195 96
195 160
195 80
195 86
195 2
195 148
195 125
195 127
195 193
195 62
33 104
33 51
33 100
33 28
33 37
33 167
33 63
33 121
33 31
33 136
33 152
33 72
33 53
33 146
33 66
33 44
33 76
33 69
33 88
33 141
33 164
33 142
33 15
33 54
33 122
33 171
33 144
33 113
33 158
33 32
33 188
33 30
33 29
33 57
33 9
33 3
33 114
33 162
33 179
33 111
33 172
33 45
33 81
33 64
33 55
33 196
33 23
33 178
33 97
33 58
33 166
33 118
33 180
33 129
33 82
33 185
33 90
33 108
33 6
33 78
33 59
33 42
33 71
33 187
33 183
33 34
33 139
33 25
33 182
33 169
33 176
33 46
33 194
33 39
33 138
33 119
33 174
33 68
33 115
33 11
33 151
33 199
33 177
33 132
33 84
33 168
33 161
33 101
33 134
33 41
33 157
33 5
33 165
33 149
33 79
33 192
33 126
33 191
33 123
33 96
33 160
33 18
33 86
33 181
33 43
33 83
33 47
33 22
33 2
33 184
33 106
33 147
33 159
33 10
33 38
33 19
33 148
33 65
33 4
33 13
33 62
104 51
104 37
104 167
104 63
104 121
104 136
104 120
104 173
104 66
104 69
104 88
104 112
104 91
104 163
104 85
104 142
104 61
104 15
104 54
104 171
104 49
104 113
104 32
104 188
104 30
104 29
104 57
104 50
104 16
104 9
104 111
104 45
104 81
104 103
104 24
104 117
104 178
104 140
104 198
104 180
104 150
104 129
104 82
104 99
104 154
104 40
104 92
104 78
104 59
104 42
104 139
104 25
104 182
104 176
104 39
104 130
104 138
104 98
104 48
104 119
104 68
104 11
104 199
104 177
104 132
104 101
104 41
104 70
104 157
104 5
104 145
104 153
104 126
104 191
104 17
104 18
104 43
104 36
104 184
104 106
104 125
104 26
104 20
104 4
104 127
104 13
104 74
51 28
51 73
51 107
51 116
51 121
51 152
51 120
51 173
51 146
51 56
51 44
51 1
51 91
51 164
51 142
51 61
51 15
51 54
51 171
51 113
51 158
51 188
51 29
51 16
51 9
51 3
51 114
51 179
51 94
51 111
51 172
51 45
51 81
51 64
51 103
51 24
51 117
51 196
51 178
51 97
51 118
51 140
51 93
51 198
51 150
51 129
51 82
51 185
51 99
51 154
51 105
51 90
51 108
51 40
51 6
51 92
51 78
51 59
51 42
51 71
51 187
51 155
51 7
51 139
51 67
51 25
51 182
51 176
51 46
51 170
51 194
51 39
51 138
51 75
51 48
51 68
51 128
51 199
51 137
51 84
51 168
51 70
51 5
51 165
51 89
51 149
51 145
51 153
51 126
51 123
51 197
51 160
51 80
51 17
51 18
51 86
51 43
51 36
51 22
51 52
51 95
51 147
51 159
51 38
51 143
51 19
51 133
51 186
51 20
51 4
51 12
51 21
51 193
51 62
100 28
100 37
100 167
100 63
100 31
100 136
100 173
100 53
100 146
100 56
100 88
100 85
100 142
100 61
100 15
100 54
100 171
100 49
100 144
100 113
100 158
100 32
100 50
100 9
100 179
100 94
100 172
100 45
100 64
100 189
100 23
100 178
100 93
100 198
100 82
100 99
100 90
100 108
100 110
100 8
100 6
100 92
100 183
100 34
100 155
100 7
100 139
100 60
100 25
100 182
100 176
100 46
100 138
100 75
100 77
100 98
100 68
100 11
100 199
100 177
100 132
100 137
100 135
100 84
100 175
100 41
100 70
100 89
100 79
100 192
100 126
100 191
100 17
100 86
100 47
100 52
100 106
100 147
100 38
100 143
100 19
100 148
100 125
100 20
100 13
100 74
100 62
28 37
28 87
28 107
28 116
28 63
28 31
28 120
28 72
28 53
28 146
28 66
28 69
28 1
28 88
28 141
28 91
28 85
28 142
28 61
28 54
28 122
28 171
28 49
28 32
28 188
28 57
28 35
28 50
28 16
28 9
28 3
28 114
28 162
28 94
28 172
28 81
28 64
28 24
28 117
28 23
28 97
28 166
28 198
28 150
28 82
28 90
28 108
28 110
28 156
28 92
28 78
28 155
28 27
28 7
28 60
28 169
28 176
28 46
28 170
28 124
28 39
28 130
28 75
28 98
28 128
28 115
28 199
28 132
28 161
28 175
28 41
28 70
28 5
28 165
28 149
28 145
28 153
28 79
28 126
28 96
28 18
28 43
28 83
28 47
28 36
28 22
28 2
28 52
28 184
28 10
28 19
28 125
28 26
28 186
28 20
28 21
28 62
37 102
37 167
37 87
37 63
37 121
37 31
37 136
37 152
37 120
37 72
37 146
37 56
37 66
37 44
37 76
37 69
37 1
37 141
37 164
37 85
37 142
37 61
37 54
37 122
37 171
37 188
37 30
37 29
37 57
37 35
37 50
37 16
37 9
37 3
37 114
37 179
37 94
37 45
37 103
37 24
37 117
37 58
37 118
37 200
37 140
37 180
37 150
37 129
37 82
37 185
37 99
37 154
37 105
37 109
37 90
37 108
37 110
37 40
37 8
37 156
37 187
37 34
37 155
37 7
37 25
37 182
37 169
37 46
37 190
37 170
37 194
37 14
37 130
37 75
37 77
37 119
37 174
37 128
37 115
37 11
37 151
37 177
37 132
37 135
37 134
37 70
37 5
37 149
37 145
37 79
37 131
37 192
37 80
37 86
37 181
37 43
37 83
37 36
37 22
37 2
37 106
37 38
37 19
37 125
37 133
37 26
37 65
37 186
37 127
37 12
37 21
37 193
102 167
102 87
102 116
102 121
102 53
102 56
102 76
102 69
102 88
102 141
102 91
102 164
102 163
102 85
102 142
102 61
102 54
102 122
102 171
102 188
102 30
102 29
102 57
102 35
102 50
102 16
102 3
102 114
102 179
102 94
102 111
102 172
102 45
102 64
102 178
102 166
102 118
102 140
102 93
102 198
102 180
102 150
102 82
102 99
102 105
102 109
102 8
102 156
102 6
102 92
102 42
102 183
102 34
102 155
102 25
102 190
102 130
102 77
102 98
102 174
102 68
102 128
102 11
102 199
102 177
102 135
102 175
102 101
102 134
102 41
102 157
102 5
102 149
102 145
102 153
102 131
102 192
102 126
102 191
102 160
102 17
102 86
102 181
102 83
102 184
102 106
102 147
102 159
102 125
102 26
102 20
102 4
102 13
102 193
73 167
73 116
73 63
73 31
73 136
73 72
73 146
73 56
73 44
73 76
73 112
73 164
73 163
73 85
73 142
73 54
73 171
73 144
73 113
73 158
73 32
73 188
73 30
73 29
73 57
73 35
73 50
73 9
73 3
73 114
73 162
73 179
73 94
73 111
73 172
73 45
73 64
73 24
73 55
73 196
73 23
73 97
73 58
73 200
73 140
73 180
73 105
73 90
73 108
73 110
73 40
73 156
73 92
73 78
73 42
73 71
73 187
73 27
73 7
73 182
73 169
73 124
73 194
73 14
73 39
73 98
73 48
73 119
73 128
73 199
73 177
73 132
73 137
73 168
73 175
73 101
73 41
73 157
73 165
73 89
73 149
73 145
73 153
73 192
73 191
73 197
73 96
73 80
73 86
73 181
73 43
73 47
73 52
73 184
73 106
73 95
73 147
73 38
73 143
73 65
73 4
73 13
73 193
73 62
167 107
167 116
167 121
167 31
167 152
167 173
167 72
167 53
167 56
167 66
167 44
167 69
167 1
167 141
167 91
167 163
167 85
167 142
167 61
167 54
167 122
167 171
167 49
167 144
167 113
167 158
167 32
167 30
167 35
167 50
167 16
167 9
167 3
167 114
167 179
167 111
167 172
167 45
167 64
167 103
167 55
167 196
167 58
167 140
167 93
167 198
167 150
167 129
167 82
167 99
167 154
167 90
167 110
167 71
167 183
167 7
167 67
167 25
167 182
167 46
167 190
167 170
167 124
167 194
167 39
167 77
167 48
167 174
167 128
167 115
167 177
167 137
167 135
167 84
167 168
167 161
167 41
167 157
167 89
167 149
167 145
167 153
167 79
167 131
167 192
167 126
167 123
167 197
167 96
167 17
167 181
167 83
167 47
167 22
167 52
167 184
167 106
167 95
167 147
167 38
167 19
167 148
167 125
167 133
167 26
167 186
167 4
167 127
167 62
87 107
87 63
87 121
87 31
87 173
87 146
87 1
87 88
87 141
87 112
87 91
87 85
87 142
87 15
87 122
87 171
87 49
87 188
87 114
87 179
87 94
87 81
87 64
87 103
87 117
87 23
87 118
87 198
87 180
87 150
87 129
87 82
87 99
87 110
87 8
87 156
87 187
87 183
87 34
87 155
87 27
87 139
87 67
87 25
87 182
87 46
87 170
87 124
87 194
87 39
87 130
87 98
87 119
87 68
87 115
87 151
87 199
87 132
87 84
87 161
87 134
87 70
87 157
87 5
87 89
87 149
87 153
87 192
87 126
87 18
87 43
87 47
87 36
87 2
87 95
87 159
87 38
87 143
87 19
87 125
87 26
87 65
87 186
87 4
87 13
87 74
87 21
107 116
107 63
107 121
107 31
107 136
107 152
107 120
107 173
107 53
107 66
107 44
107 76
107 88
107 141
107 164
107 61
107 15
107 54
107 122
107 171
107 144
107 113
107 32
107 188
107 35
107 16
107 162
107 179
107 94
107 172
107 45
107 81
107 189
107 196
107 23
107 166
107 118
107 198
107 150
107 82
107 154
107 105
107 90
107 108
107 110
107 40
107 92
107 78
107 59
107 42
107 71
107 34
107 25
107 176
107 46
107 190
107 194
107 39
107 119
107 174
107 11
107 177
107 132
107 137
107 84
107 161
107 101
107 70
107 157
107 5
107 89
107 149
107 153
107 79
107 131
107 126
107 123
107 96
107 160
107 80
107 18
107 43
107 83
107 184
107 106
107 147
107 10
107 38
107 19
107 125
107 186
107 4
107 13
107 12
107 21
107 193
116 63
116 121
116 31
116 136
116 152
116 173
116 72
116 56
116 66
116 44
116 76
116 1
116 141
116 163
116 85
116 15
116 171
116 49
116 144
116 113
116 158
116 32
116 188
116 30
116 57
116 50
116 16
116 162
116 179
116 94
116 24
116 55
116 178
116 166
116 118
116 200
116 198
116 180
116 150
116 82
116 185
116 99
116 154
116 90
116 110
116 40
116 6
116 78
116 59
116 60
116 67
116 25
116 176
116 46
116 190
116 194
116 14
116 75
116 77
116 48
116 174
116 128
116 11
116 177
116 132
116 137
116 135
116 168
116 161
116 101
116 134
116 41
116 70
116 5
116 153
116 79
116 191
116 80
116 17
116 47
116 36
116 22
116 2
116 95
116 147
116 10
116 19
116 133
116 65
116 20
116 12
116 21
116 193
116 62
63 121
63 136
63 120
63 173
63 72
63 53
63 146
63 66
63 69
63 1
63 88
63 141
63 163
63 85
63 142
63 61
63 54
63 122
63 171
63 49
63 113
63 158
63 188
63 57
63 35
63 9
63 114
63 179
63 172
63 81
63 103
63 24
63 196
63 58
63 140
63 93
63 150
63 185
63 99
63 105
63 90
63 110
63 156
63 6
63 59
63 42
63 71
63 34
63 155
63 27
63 7
63 60
63 25
63 182
63 46
63 190
63 124
63 194
63 138
63 48
63 119
63 128
63 11
63 151
63 132
63 168
63 161
63 101
63 70
63 165
63 89
63 145
63 153
63 131
63 192
63 191
63 197
63 17
63 86
63 43
63 83
63 36
63 184
63 106
63 147
63 159
63 10
63 143
63 19
63 148
63 125
63 186
63 20
63 13
63 21
63 193
121 31
121 136
121 120
121 53
121 66
121 44
121 69
121 88
121 164
121 163
121 85
121 142
121 122
121 171
121 49
121 144
121 113
121 158
121 32
121 188
121 29
121 57
121 35
121 50
121 9
121 3
121 114
121 111
121 172
121 117
121 23
121 178
121 97
121 58
121 166
121 118
121 200
121 140
121 198
121 180
121 129
121 82
121 99
121 40
121 8
121 6
121 92
121 59
121 187
121 34
121 155
121 27
121 7
121 25
121 46
121 194
121 14
121 39
121 138
121 77
121 48
121 174
121 128
121 115
121 11
121 151
121 177
121 132
121 137
121 135
121 84
121 175
121 101
121 41
121 70
121 157
121 5
121 89
121 145
121 153
121 79
121 131
121 192
121 126
121 197
121 160
121 18
121 86
121 43
121 83
121 36
121 22
121 52
121 184
121 95
121 147
121 159
121 10
121 38
121 143
121 19
121 148
121 26
121 65
121 13
121 74
121 193
121 62
31 136
31 152
31 120
31 173
31 72
31 53
31 146
31 56
31 66
31 44
31 76
31 69
31 1
31 88
31 141
31 112
31 91
31 163
31 85
31 61
31 54
31 122
31 171
31 49
31 144
31 158
31 32
31 188
31 30
31 29
31 57
31 35
31 50
31 16
31 9
31 114
31 179
31 45
31 81
31 64
31 24
31 117
31 189
31 196
31 23
31 178
31 97
31 140
31 82
31 185
31 154
31 105
31 109
31 90
31 108
31 40
31 8
31 156
31 6
31 92
31 59
31 42
31 27
31 7
31 139
31 67
31 169
31 46
31 170
31 194
31 39
31 77
31 119
31 174
31 68
31 115
31 11
31 177
31 137
31 135
31 168
31 161
31 101
31 5
31 149
31 153
31 131
31 126
31 123
31 197
31 96
31 160
31 17
31 18
31 86
31 47
31 22
31 2
31 52
31 95
31 147
31 38
31 143
31 125
31 65
31 20
31 4
31 127
136 120
136 173
136 72
136 146
136 56
136 66
136 44
136 76
136 88
136 112
136 91
136 164
136 163
136 85
136 61
136 122
136 171
136 113
136 32
136 29
136 57
136 35
136 50
136 3
136 114
136 162
136 179
136 94
136 111
136 172
136 81
136 64
136 103
136 55
136 23
136 166
136 140
136 93
136 198
136 180
136 82
136 185
136 154
136 40
136 34
136 60
136 67
136 25
136 182
136 169
136 176
136 46
136 190
136 170
136 39
136 130
136 98
136 119
136 174
136 11
136 151
136 199
136 135
136 84
136 161
136 175
136 70
136 157
136 165
136 145
136 153
136 192
136 126
136 160
136 86
136 181
136 36
136 2
136 52
136 106
136 95
136 148
136 125
136 186
136 4
136 127
136 12
136 21
152 72
152 53
152 146
152 56
152 66
152 44
152 76
152 69
152 1
152 88
152 112
152 91
152 85
152 142
152 61
152 122
152 171
152 49
152 144
152 113
152 188
152 30
152 29
152 57
152 35
152 16
152 9
152 114
152 162
152 179
152 94
152 172
152 45
152 81
152 24
152 189
152 55
152 23
152 178
152 97
152 118
152 93
152 150
152 154
152 109
152 108
152 8
152 156
152 6
152 59
152 42
152 71
152 187
152 34
152 155
152 27
152 25
152 176
152 46
152 190
152 170
152 124
152 194
152 14
152 39
152 130
152 138
152 77
152 48
152 119
152 174
152 68
152 151
152 199
152 161
152 175
152 157
152 165
152 89
152 149
152 145
152 79
152 126
152 123
152 160
152 80
152 17
152 18
152 86
152 181
152 47
152 36
152 106
152 95
152 147
152 38
152 143
152 65
152 74
152 21
152 193
152 62
120 173
120 72
120 53
120 146
120 56
120 76
120 69
120 1
120 112
120 91
120 163
120 142
120 15
120 122
120 171
120 49
120 144
120 113
120 29
120 35
120 16
120 9
120 114
120 179
120 94
120 172
120 45
120 81
120 64
120 24
120 117
120 189
120 55
120 196
120 23
120 97
120 58
120 166
120 118
120 140
120 93
120 180
120 150
120 185
120 99
120 154
120 105
120 40
120 156
120 92
120 78
120 59
120 183
120 34
120 7
120 139
120 60
120 25
120 169
120 190
120 170
120 194
120 130
120 138
120 75
120 174
120 11
120 151
120 199
120 132
120 135
120 84
120 168
120 157
120 89
120 145
120 192
120 123
120 197
120 96
120 80
120 17
120 47
120 106
120 10
120 19
120 148
120 125
120 133
120 26
120 65
120 186
120 20
120 4
120 74
120 62
173 72
173 146
173 56
173 44
173 1
173 141
173 112
173 85
173 142
173 54
173 122
173 171
173 144
173 113
173 158
173 188
173 35
173 50
173 9
173 3
173 94
173 172
173 81
173 64
173 103
173 196
173 140
173 198
173 150
173 99
173 154
173 105
173 109
173 108
173 110
173 40
173 156
173 92
173 59
173 71
173 187
173 34
173 155
173 27
173 7
173 139
173 67
173 169
173 190
173 124
173 98
173 48
173 119
173 68
173 115
173 11
173 199
173 84
173 168
173 161
173 175
173 101
173 157
173 5
173 89
173 149
173 145
173 131
173 126
173 191
173 197
173 80
173 17
173 181
173 36
173 147
173 143
173 125
173 133
173 26
173 186
173 20
173 4
173 127
173 12
173 74
173 21
173 62
72 53
72 146
72 56
72 66
72 44
72 76
72 69
72 88
72 141
72 112
72 164
72 163
72 85
72 142
72 15
72 54
72 122
72 171
72 49
72 144
72 158
72 29
72 35
72 50
72 16
72 9
72 114
72 162
72 179
72 94
72 172
72 103
72 24
72 117
72 189
72 97
72 200
72 140
72 93
72 198
72 8
72 156
72 92
72 42
72 71
72 187
72 7
72 139
72 67
72 25
72 182
72 169
72 176
72 190
72 170
72 194
72 14
72 39
72 130
72 138
72 75
72 48
72 119
72 68
72 128
72 199
72 132
72 137
72 135
72 134
72 157
72 149
72 153
72 192
72 126
72 191
72 86
72 181
72 43
72 83
72 47
72 22
72 52
72 184
72 95
72 147
72 159
72 10
72 143
72 19
72 125
72 186
72 20
72 127
72 12
72 74
72 21
53 146
53 56
53 66
53 44
53 76
53 69
53 1
53 88
53 112
53 91
53 85
53 142
53 61
53 54
53 171
53 49
53 144
53 158
53 32
53 188
53 30
53 35
53 16
53 9
53 3
53 114
53 162
53 179
53 111
53 172
53 81
53 103
53 24
53 117
53 189
53 196
53 178
53 140
53 93
53 198
53 129
53 82
53 99
53 105
53 90
53 110
53 156
53 6
53 155
53 139
53 60
53 25
53 182
53 176
53 46
53 190
53 170
53 124
53 194
53 14
53 39
53 130
53 138
53 48
53 119
53 11
53 151
53 137
53 84
53 175
53 41
53 70
53 5
53 89
53 149
53 145
53 131
53 160
53 80
53 17
53 43
53 36
53 22
53 52
53 184
53 106
53 95
53 159
53 38
53 65
53 186
53 20
53 12
53 21
53 62
146 56
146 44
146 76
146 69
146 1
146 141
146 164
146 85
146 61
146 15
146 122
146 171
146 49
146 144
146 113
146 158
146 32
146 188
146 29
146 57
146 35
146 50
146 16
146 9
146 3
146 114
146 179
146 94
146 111
146 172
146 64
146 24
146 117
146 55
146 196
146 23
146 58
146 200
146 140
146 198
146 180
146 82
146 185
146 99
146 154
146 109
146 90
146 108
146 110
146 40
146 8
146 156
146 92
146 155
146 27
146 7
146 139
146 60
146 67
146 25
146 169
146 176
146 190
146 194
146 39
146 138
146 77
146 119
146 174
146 68
146 115
146 11
146 199
146 132
146 135
146 175
146 101
146 5
146 165
146 145
146 153
146 131
146 192
146 123
146 80
146 17
146 86
146 181
146 83
146 47
146 2
146 184
146 106
146 95
146 147
146 143
146 19
146 148
146 125
146 133
146 26
146 186
146 4
146 127
146 74
146 21
56 66
56 44
56 76
56 1
56 141
56 91
56 142
56 61
56 15
56 171
56 49
56 144
56 113
56 158
56 32
56 188
56 29
56 57
56 35
56 50
56 16
56 9
56 114
56 162
56 179
56 172
56 45
56 81
56 64
56 117
56 189
56 196
56 23
56 118
56 140
56 93
56 129
56 99
56 105
56 110
56 8
56 92
56 78
56 34
56 155
56 25
56 182
56 46
56 190
56 170
56 194
56 14
56 138
56 119
56 174
56 68
56 128
56 115
56 177
56 137
56 84
56 161
56 175
56 41
56 5
56 165
56 89
56 149
56 145
56 153
56 131
56 192
56 191
56 123
56 96
56 17
56 18
56 83
56 36
56 2
56 106
56 95
56 159
56 10
56 38
56 143
56 19
56 148
56 133
56 20
56 4
56 13
56 12
56 74
56 193
56 62
66 44
66 1
66 88
66 112
66 91
66 163
66 142
66 54
66 122
66 171
66 158
66 32
66 188
66 9
66 3
66 114
66 172
66 81
66 64
66 103
66 117
66 189
66 55
66 23
66 178
66 97
66 58
66 166
66 200
66 140
66 93
66 198
66 180
66 150
66 82
66 185
66 99
66 154
66 105
66 109
66 90
66 108
66 40
66 8
66 78
66 59
66 42
66 71
66 34
66 155
66 139
66 182
66 169
66 176
66 46
66 194
66 130
66 75
66 119
66 128
66 115
66 11
66 199
66 132
66 135
66 168
66 175
66 101
66 134
66 157
66 5
66 89
66 145
66 153
66 79
66 131
66 191
66 123
66 160
66 181
66 43
66 83
66 22
66 2
66 106
66 95
66 159
66 148
66 133
66 65
66 13
66 74
44 69
44 1
44 88
44 112
44 85
44 142
44 61
44 15
44 122
44 171
44 144
44 113
44 158
44 188
44 30
44 35
44 50
44 16
44 9
44 3
44 114
44 162
44 179
44 45
44 24
44 55
44 178
44 97
44 58
44 166
44 118
44 140
44 93
44 198
44 180
44 150
44 185
44 154
44 40
44 8
44 156
44 92
44 78
44 59
44 34
44 7
44 67
44 169
44 176
44 46
44 170
44 124
44 75
44 77
44 98
44 48
44 115
44 151
44 177
44 137
44 84
44 161
44 101
44 134
44 157
44 149
44 153
44 126
44 191
44 96
44 80
44 17
44 18
44 86
44 181
44 83
44 47
44 2
44 52
44 106
44 95
44 147
44 10
44 143
44 19
44 133
44 186
44 20
44 4
44 127
44 13
44 74
76 69
76 1
76 141
76 112
76 61
76 171
76 49
76 144
76 113
76 32
76 188
76 35
76 9
76 3
76 114
76 179
76 172
76 81
76 103
76 24
76 117
76 97
76 58
76 166
76 118
76 150
76 129
76 82
76 185
76 154
76 109
76 90
76 110
76 40
76 8
76 156
76 59
76 71
76 187
76 183
76 155
76 27
76 139
76 67
76 176
76 190
76 170
76 194
76 39
76 138
76 75
76 48
76 68
76 128
76 115
76 11
76 199
76 135
76 84
76 168
76 175
76 157
76 149
76 153
76 131
76 191
76 17
76 86
76 181
76 43
76 83
76 36
76 22
76 2
76 52
76 95
76 143
76 125
76 133
76 65
76 13
76 12
76 21
76 193
69 1
69 88
69 141
69 112
69 164
69 163
69 85
69 142
69 61
69 15
69 54
69 122
69 171
69 49
69 144
69 113
69 32
69 188
69 29
69 35
69 50
69 16
69 9
69 3
69 114
69 162
69 179
69 172
69 45
69 81
69 64
69 24
69 117
69 189
69 23
69 97
69 58
69 166
69 93
69 198
69 99
69 154
69 109
69 90
69 108
69 8
69 6
69 92
69 78
69 183
69 34
69 155
69 7
69 139
69 67
69 25
69 182
69 176
69 46
69 124
69 14
69 130
69 138
69 75
69 77
69 98
69 48
69 174
69 11
69 151
69 132
69 137
69 168
69 101
69 134
69 41
69 70
69 149
69 145
69 153
69 131
69 126
69 191
69 123
69 197
69 96
69 80
69 17
69 86
69 43
69 83
69 47
69 36
69 22
69 184
69 147
69 159
69 38
69 19
69 125
69 26
69 186
69 4
69 13
69 12
69 74
69 21
69 193
69 62
1 88
1 141
1 112
1 164
1 163
1 85
1 142
1 61
1 54
1 122
1 171
1 144
1 113
1 32
1 188
1 29
1 35
1 50
1 16
1 9
1 3
1 114
1 179
1 172
1 81
1 103
1 24
1 117
1 189
1 196
1 178
1 97
1 58
1 118
1 200
1 180
1 150
1 129
1 99
1 154
1 105
1 109
1 8
1 6
1 92
1 78
1 59
1 183
1 155
1 27
1 7
1 67
1 25
1 182
1 169
1 190
1 170
1 124
1 194
1 130
1 138
1 75
1 77
1 98
1 199
1 177
1 132
1 135
1 84
1 168
1 101
1 41
1 70
1 79
1 126
1 96
1 160
1 80
1 17
1 18
1 86
1 43
1 83
1 47
1 2
1 184
1 95
1 147
1 159
1 10
1 38
1 19
1 148
1 133
1 65
1 127
1 74
1 21
1 62
88 112
88 164
88 163
88 85
88 142
88 61
88 54
88 122
88 171
88 49
88 158
88 188
88 29
88 35
88 50
88 16
88 9
88 3
88 114
88 162
88 94
88 45
88 64
88 24
88 55
88 178
88 58
88 166
88 118
88 200
88 198
88 180
88 82
88 185
88 99
88 105
88 109
88 90
88 40
88 156
88 6
88 78
88 42
88 183
88 34
88 27
88 60
88 25
88 176
88 190
88 170
88 39
88 75
88 48
88 119
88 68
88 11
88 151
88 132
88 135
88 161
88 70
88 165
88 89
88 192
88 191
88 123
88 197
88 80
88 17
88 181
88 83
88 36
88 52
88 184
88 106
88 95
88 147
88 10
88 38
88 148
88 65
88 13
88 12
88 21
88 193
141 164
141 142
141 54
141 122
141 171
141 113
141 158
141 32
141 29
141 57
141 3
141 94
141 111
141 45
141 81
141 64
141 117
141 189
141 55
141 23
141 178
141 58
141 118
141 200
141 150
141 129
141 105
141 90
141 108
141 8
141 156
141 6
141 78
141 59
141 71
141 187
141 183
141 155
141 27
141 169
141 46
141 190
141 124
141 194
141 48
141 119
141 174
141 68
141 128
141 115
141 199
141 177
141 161
141 134
141 157
141 165
141 153
141 131
141 191
141 123
141 96
141 160
141 18
141 86
141 43
141 47
141 36
141 22
141 52
141 184
141 106
141 95
141 147
141 159
141 143
141 125
141 65
141 4
141 127
141 21
141 62
112 91
112 164
112 85
112 142
112 15
112 54
112 122
112 171
112 49
112 144
112 113
112 188
112 29
112 35
112 16
112 9
112 114
112 162
112 111
112 81
112 64
112 103
112 24
112 117
112 196
112 23
112 178
112 97
112 58
112 118
112 200
112 140
112 93
112 198
112 180
112 150
112 185
112 99
112 154
112 105
112 109
112 90
112 108
112 110
112 156
112 6
112 59
112 71
112 187
112 183
112 34
112 27
112 67
112 25
112 182
112 169
112 176
112 46
112 190
112 170
112 124
112 194
112 14
112 39
112 138
112 77
112 119
112 128
112 115
112 11
112 151
112 177
112 84
112 161
112 175
112 101
112 70
112 157
112 165
112 79
112 131
112 126
112 191
112 123
112 96
112 80
112 17
112 18
112 181
112 83
112 47
112 36
112 22
112 2
112 52
112 95
112 147
112 159
112 38
112 143
112 19
112 148
112 26
112 65
112 20
112 4
112 127
112 13
112 21
112 62
91 164
91 163
91 85
91 142
91 15
91 171
91 49
91 113
91 158
91 32
91 35
91 9
91 3
91 114
91 162
91 179
91 94
91 111
91 172
91 81
91 103
91 24
91 117
91 55
91 196
91 58
91 118
91 200
91 140
91 198
91 150
91 129
91 185
91 99
91 154
91 90
91 40
91 8
91 6
91 92
91 59
91 42
91 34
91 27
91 139
91 60
91 67
91 46
91 170
91 194
91 39
91 138
91 75
91 77
91 98
91 119
91 68
91 128
91 115
91 11
91 151
91 199
91 132
91 135
91 84
91 175
91 41
91 157
91 5
91 89
91 149
91 145
91 79
91 131
91 192
91 126
91 191
91 80
91 181
91 43
91 52
91 106
91 147
91 19
91 125
91 26
91 65
91 186
91 20
91 4
91 127
91 13
91 74
91 62
164 142
164 61
164 54
164 171
164 49
164 144
164 158
164 32
164 188
164 30
164 29
164 50
164 16
164 9
164 162
164 94
164 45
164 64
164 24
164 117
164 189
164 55
164 23
164 58
164 166
164 200
164 140
164 198
164 180
164 150
164 82
164 185
164 99
164 109
164 90
164 110
164 8
164 6
164 42
164 71
164 187
164 155
164 7
164 60
164 67
164 169
164 176
164 46
164 190
164 170
164 124
164 194
164 14
164 39
164 75
164 77
164 98
164 174
164 68
164 151
164 137
164 135
164 168
164 165
164 89
164 131
164 192
164 126
164 123
164 197
164 96
164 80
164 17
164 18
164 43
164 83
164 47
164 52
164 184
164 106
164 10
164 38
164 143
164 148
164 26
164 186
164 127
164 74
164 21
164 62
163 85
163 142
163 54
163 171
163 49
163 144
163 158
163 188
163 30
163 29
163 57
163 35
163 9
163 3
163 114
163 162
163 172
163 45
163 81
163 64
163 103
163 24
163 118
163 200
163 140
163 180
163 99
163 105
163 109
163 90
163 108
163 156
163 78
163 59
163 42
163 7
163 139
163 60
163 182
163 169
163 176
163 46
163 170
163 14
163 75
163 119
163 68
163 128
163 199
163 135
163 161
163 101
163 5
163 165
163 79
163 192
163 126
163 191
163 123
163 197
163 160
163 80
163 18
163 181
163 83
163 47
163 143
163 19
163 148
163 125
163 133
163 65
163 20
163 13
163 62
85 142
85 61
85 15
85 54
85 122
85 171
85 49
85 144
85 32
85 188
85 57
85 35
85 50
85 16
85 3
85 114
85 179
85 94
85 81
85 64
85 24
85 117
85 189
85 55
85 196
85 58
85 140
85 93
85 198
85 150
85 82
85 99
85 90
85 40
85 8
85 156
85 92
85 78
85 42
85 71
85 155
85 7
85 139
85 60
85 67
85 169
85 46
85 190
85 124
85 130
85 75
85 98
85 119
85 68
85 11
85 199
85 177
85 132
85 168
85 161
85 70
85 5
85 165
85 89
85 149
85 79
85 131
85 123
85 197
85 17
85 18
85 181
85 47
85 22
85 52
85 184
85 95
85 159
85 143
85 125
85 133
85 4
85 13
85 12
85 62
142 61
142 15
142 54
142 122
142 171
142 32
142 188
142 29
142 57
142 35
142 50
142 16
142 3
142 114
142 162
142 179
142 111
142 45
142 81
142 24
142 117
142 189
142 23
142 178
142 97
142 58
142 118
142 200
142 140
142 93
142 198
142 150
142 129
142 82
142 185
142 154
142 105
142 108
142 110
142 40
142 156
142 6
142 92
142 78
142 59
142 42
142 71
142 187
142 139
142 67
142 25
142 182
142 176
142 46
142 190
142 170
142 138
142 98
142 48
142 68
142 115
142 177
142 132
142 137
142 135
142 168
142 101
142 41
142 165
142 89
142 149
142 145
142 79
142 131
142 96
142 181
142 22
142 52
142 95
142 10
142 38
142 148
142 125
142 65
142 186
142 4
142 127
142 13
142 12
142 74
142 193
61 15
61 49
61 144
61 32
61 30
61 29
61 57
61 16
61 9
61 114
61 111
61 81
61 64
61 117
61 55
61 23
61 178
61 118
61 198
61 129
61 154
61 109
61 90
61 6
61 92
61 78
61 71
61 187
61 34
61 169
61 176
61 190
61 170
61 194
61 130
61 77
61 11
61 132
61 135
61 161
61 175
61 145
61 131
61 192
61 123
61 197
61 160
61 80
61 17
61 18
61 86
61 181
61 83
61 47
61 22
61 106
61 159
61 10
61 38
61 125
61 65
61 186
61 20
61 4
61 127
61 13
61 12
61 74
61 62
15 54
15 122
15 171
15 113
15 32
15 188
15 57
15 50
15 9
15 111
15 172
15 81
15 64
15 24
15 117
15 55
15 166
15 140
15 180
15 129
15 82
15 185
15 99
15 105
15 108
15 110
15 6
15 92
15 78
15 183
15 34
15 27
15 7
15 25
15 182
15 170
15 124
15 48
15 119
15 174
15 68
15 128
15 177
15 137
15 84
15 175
15 101
15 41
15 5
15 165
15 89
15 149
15 123
15 18
15 86
15 36
15 22
15 52
15 184
15 95
15 147
15 159
15 10
15 26
15 12
15 74
15 193
54 171
54 113
54 32
54 188
54 30
54 29
54 35
54 3
54 114
54 179
54 94
54 45
54 81
54 24
54 117
54 58
54 166
54 118
54 200
54 140
54 93
54 150
54 129
54 82
54 154
54 105
54 90
54 108
54 110
54 8
54 92
54 78
54 59
54 42
54 71
54 187
54 183
54 155
54 27
54 139
54 60
54 25
54 182
54 169
54 176
54 170
54 124
54 14
54 39
54 130
54 77
54 48
54 119
54 68
54 128
54 115
54 11
54 151
54 84
54 175
54 101
54 70
54 157
54 5
54 165
54 153
54 126
54 160
54 80
54 86
54 83
54 47
54 36
54 22
54 2
54 184
54 95
54 147
54 143
54 148
54 26
54 65
54 186
54 20
54 4
54 127
54 12
54 21
54 193
122 171
122 49
122 188
122 50
122 16
122 179
122 111
122 64
122 55
122 196
122 97
122 140
122 93
122 180
122 150
122 129
122 185
122 108
122 156
122 6
122 92
122 42
122 71
122 183
122 34
122 155
122 67
122 182
122 169
122 194
122 14
122 75
122 98
122 115
122 11
122 151
122 199
122 177
122 137
122 84
122 175
122 101
122 41
122 70
122 153
122 79
122 131
122 192
122 160
122 80
122 17
122 18
122 86
122 181
122 43
122 83
122 36
122 184
122 106
122 95
122 10
122 19
122 65
122 127
122 21
122 62
171 49
171 144
171 113
171 32
171 188
171 30
171 29
171 35
171 16
171 9
171 3
171 114
171 162
171 179
171 94
171 111
171 45
171 81
171 64
171 24
171 117
171 189
171 55
171 196
171 23
171 58
171 166
171 118
171 93
171 198
171 150
171 82
171 185
171 154
171 90
171 8
171 78
171 59
171 42
171 71
171 183
171 155
171 27
171 7
171 60
171 25
171 182
171 124
171 39
171 138
171 75
171 48
171 68
171 128
171 115
171 151
171 132
171 137
171 135
171 168
171 161
171 101
171 134
171 41
171 70
171 5
171 89
171 153
171 131
171 126
171 191
171 123
171 197
171 96
171 160
171 43
171 83
171 106
171 159
171 10
171 38
171 143
171 19
171 125
171 26
171 127
171 12
171 74
171 21
49 144
49 158
49 32
49 29
49 35
49 50
49 9
49 114
49 162
49 179
49 94
49 111
49 172
49 81
49 64
49 103
49 24
49 117
49 196
49 178
49 58
49 118
49 198
49 180
49 150
49 129
49 185
49 99
49 154
49 105
49 109
49 110
49 40
49 156
49 6
49 78
49 42
49 71
49 187
49 155
49 60
49 67
49 25
49 169
49 176
49 124
49 75
49 77
49 98
49 48
49 174
49 128
49 11
49 151
49 177
49 161
49 134
49 41
49 70
49 5
49 149
49 131
49 96
49 80
49 17
49 86
49 181
49 83
49 47
49 2
49 184
49 106
49 95
49 159
49 10
49 38
49 143
49 19
49 148
49 125
49 133
49 186
49 20
49 74
49 62
144 158
144 32
144 188
144 30
144 29
144 57
144 35
144 9
144 3
144 114
144 162
144 179
144 111
144 172
144 81
144 64
144 103
144 55
144 166
144 118
144 140
144 93
144 198
144 180
144 129
144 82
144 154
144 105
144 90
144 156
144 6
144 59
144 71
144 187
144 34
144 155
144 139
144 60
144 25
144 176
144 46
144 194
144 14
144 130
144 138
144 174
144 68
144 115
144 199
144 177
144 137
144 161
144 41
144 5
144 89
144 145
144 79
144 131
144 197
144 96
144 80
144 17
144 18
144 86
144 181
144 83
144 47
144 36
144 184
144 95
144 38
144 19
144 133
144 186
144 20
144 127
144 12
144 21
113 158
113 188
113 30
113 29
113 16
113 9
113 114
113 179
113 111
113 172
113 45
113 81
113 64
113 24
113 189
113 55
113 196
113 23
113 178
113 58
113 166
113 118
113 93
113 129
113 82
113 109
113 90
113 40
113 8
113 6
113 59
113 42
113 71
113 187
113 155
113 7
113 139
113 67
113 169
113 176
113 46
113 170
113 124
113 194
113 75
113 98
113 48
113 119
113 128
113 151
113 199
113 177
113 132
113 137
113 135
113 84
113 161
113 175
113 134
113 41
113 70
113 5
113 89
113 153
113 79
113 131
113 191
113 96
113 160
113 17
113 18
113 83
113 47
113 36
113 22
113 2
113 52
113 184
113 147
113 159
113 143
113 148
113 125
113 133
113 26
113 65
113 20
113 4
113 13
113 74
113 193
158 188
158 29
158 50
158 179
158 94
158 111
158 81
158 103
158 117
158 189
158 55
158 196
158 178
158 118
158 140
158 93
158 129
158 82
158 99
158 154
158 108
158 110
158 40
158 6
158 92
158 78
158 42
158 187
158 183
158 60
158 182
158 169
158 176
158 46
158 170
158 77
158 98
158 174
158 68
158 115
158 177
158 132
158 137
158 135
158 84
158 161
158 157
158 89
158 149
158 153
158 131
158 126
158 123
158 181
158 43
158 47
158 36
158 52
158 106
158 95
158 10
158 38
158 143
158 19
158 148
158 125
158 20
158 127
158 13
158 12
158 21
158 193
158 62
32 188
32 29
32 57
32 16
32 9
32 114
32 162
32 111
32 172
32 81
32 64
32 24
32 117
32 196
32 97
32 58
32 166
32 118
32 200
32 140
32 93
32 180
32 82
32 154
32 108
32 156
32 6
32 92
32 78
32 59
32 42
32 183
32 34
32 7
32 60
32 182
32 46
32 170
32 124
32 14
32 75
32 77
32 98
32 119
32 174
32 68
32 151
32 177
32 84
32 175
32 101
32 79
32 192
32 191
32 160
32 80
32 86
32 181
32 36
32 22
32 2
32 106
32 159
32 38
32 148
32 26
32 65
32 127
32 13
32 12
32 74
32 21
32 193
32 62
188 29
188 57
188 35
188 50
188 16
188 9
188 3
188 114
188 162
188 111
188 172
188 45
188 81
188 103
188 117
188 189
188 58
188 166
188 118
188 200
188 140
188 93
188 198
188 150
188 82
188 185
188 99
188 154
188 105
188 108
188 110
188 92
188 78
188 42
188 71
188 183
188 27
188 7
188 60
188 67
188 46
188 190
188 124
188 39
188 77
188 98
188 48
188 68
188 115
188 151
188 177
188 132
188 137
188 135
188 84
188 161
188 41
188 70
188 165
188 149
188 153
188 191
188 123
188 80
188 18
188 83
188 47
188 22
188 2
188 95
188 147
188 10
188 19
188 125
188 133
188 26
188 65
188 20
188 12
30 50
30 3
30 103
30 117
30 23
30 178
30 58
30 200
30 93
30 198
30 180
30 150
30 185
30 154
30 105
30 110
30 40
30 8
30 156
30 6
30 92
30 71
30 187
30 34
30 155
30 7
30 60
30 25
30 194
30 14
30 39
30 138
30 75
30 48
30 119
30 128
30 115
30 11
30 151
30 177
30 137
30 84
30 168
30 161
30 70
30 157
30 145
30 153
30 79
30 131
30 192
30 126
30 96
30 160
30 80
30 86
30 181
30 43
30 47
30 22
30 2
30 52
30 184
30 106
30 147
30 159
30 143
30 148
30 133
30 26
30 65
30 186
30 20
30 13
30 193
29 35
29 16
29 9
29 162
29 179
29 111
29 172
29 64
29 24
29 196
29 23
29 97
29 58
29 166
29 118
29 140
29 93
29 198
29 180
29 150
29 129
29 82
29 99
29 108
29 110
29 8
29 6
29 92
29 59
29 71
29 187
29 183
29 34
29 155
29 27
29 7
29 60
29 67
29 169
29 46
29 124
29 39
29 138
29 77
29 119
29 174
29 151
29 132
29 84
29 161
29 101
29 134
29 41
29 70
29 157
29 165
29 89
29 153
29 79
29 80
29 181
29 43
29 83
29 36
29 22
29 184
29 106
29 147
29 10
29 38
29 19
29 148
29 133
29 186
29 4
29 127
29 13
29 21
29 193
29 62
57 50
57 16
57 114
57 179
57 94
57 172
57 58
57 140
57 180
57 150
57 82
57 105
57 109
57 40
57 8
57 92
57 78
57 59
57 183
57 155
57 27
57 7
57 182
57 46
57 170
57 124
57 14
57 75
57 48
57 119
57 174
57 128
57 11
57 151
57 199
57 177
57 137
57 135
57 84
57 168
57 161
57 175
57 134
57 41
57 70
57 157
57 165
57 149
57 145
57 153
57 79
57 192
57 191
57 96
57 17
57 86
57 181
57 43
57 83
57 47
57 184
57 106
57 95
57 147
57 159
57 10
57 133
57 26
57 65
57 127
35 50
35 16
35 9
35 3
35 114
35 162
35 179
35 94
35 111
35 172
35 45
35 81
35 103
35 117
35 189
35 23
35 178
35 97
35 58
35 118
35 200
35 140
35 93
35 150
35 129
35 82
35 185
35 154
35 109
35 108
35 110
35 156
35 92
35 78
35 59
35 42
35 187
35 183
35 34
35 155
35 139
35 60
35 182
35 176
35 190
35 170
35 194
35 130
35 138
35 75
35 77
35 98
35 119
35 174
35 11
35 151
35 132
35 137
35 84
35 161
35 175
35 70
35 5
35 145
35 153
35 79
35 131
35 192
35 123
35 197
35 96
35 80
35 18
35 181
35 43
35 47
35 36
35 22
35 52
35 95
35 147
35 19
35 125
35 65
35 186
35 20
35 127
35 13
35 74
35 21
35 62
50 16
50 9
50 114
50 179
50 45
50 24
50 117
50 189
50 55
50 23
50 97
50 118
50 93
50 180
50 150
50 82
50 185
50 99
50 154
50 109
50 108
50 8
50 59
50 187
50 34
50 27
50 7
50 139
50 60
50 67
50 25
50 182
50 169
50 170
50 124
50 14
50 39
50 130
50 138
50 75
50 48
50 119
50 174
50 68
50 128
50 115
50 151
50 199
50 177
50 132
50 137
50 135
50 168
50 161
50 175
50 101
50 134
50 41
50 5
50 165
50 89
50 145
50 153
50 131
50 123
50 197
50 80
50 18
50 83
50 36
50 22
50 2
50 52
50 184
50 106
50 147
50 38
50 133
50 26
50 186
50 4
50 127
50 13
50 74
50 62
16 9
16 3
16 114
16 179
16 111
16 172
16 81
16 103
16 24
16 117
16 189
16 55
16 23
16 178
16 97
16 166
16 118
16 198
16 129
16 185
16 99
16 154
16 110
16 40
16 6
16 78
16 71
16 7
16 139
16 60
16 25
16 182
16 176
16 124
16 39
16 138
16 77
16 174
16 68
16 115
16 151
16 177
16 137
16 135
16 84
16 175
16 134
16 165
16 149
16 153
16 79
16 192
16 126
16 191
16 123
16 197
16 160
16 18
16 86
16 181
16 36
16 52
16 184
16 106
16 95
16 147
16 159
16 10
16 148
16 125
16 26
16 4
16 127
16 12
16 74
16 62
9 3
9 114
9 162
9 179
9 94
9 111
9 45
9 81
9 64
9 103
9 24
9 117
9 23
9 178
9 97
9 166
9 118
9 140
9 82
9 185
9 90
9 6
9 59
9 7
9 60
9 25
9 176
9 46
9 190
9 170
9 39
9 138
9 75
9 98
9 48
9 68
9 128
9 115
9 11
9 199
9 137
9 135
9 84
9 168
9 161
9 101
9 41
9 165
9 145
9 131
9 197
9 80
9 17
9 18
9 86
9 181
9 83
9 47
9 22
9 2
9 52
9 95
9 147
9 143
9 125
9 133
9 26
9 65
9 20
9 4
9 127
9 13
9 12
9 62
3 114
3 162
3 179
3 94
3 111
3 172
3 81
3 103
3 24
3 117
3 189
3 178
3 58
3 166
3 140
3 180
3 150
3 129
3 82
3 99
3 154
3 105
3 90
3 108
3 110
3 40
3 156
3 92
3 78
3 59
3 42
3 71
3 187
3 155
3 27
3 25
3 169
3 176
3 46
3 190
3 170
3 124
3 194
3 14
3 39
3 130
3 77
3 119
3 68
3 128
3 115
3 151
3 199
3 177
3 132
3 84
3 101
3 70
3 5
3 89
3 149
3 145
3 131
3 192
3 197
3 96
3 80
3 18
3 181
3 83
3 36
3 22
3 52
3 95
3 147
3 159
3 143
3 125
3 65
3 186
3 127
3 13
3 21
3 193
114 162
114 179
114 172
114 81
114 64
114 103
114 117
114 189
114 196
114 58
114 118
114 200
114 93
114 198
114 129
114 82
114 185
114 99
114 154
114 105
114 109
114 110
114 40
114 8
114 92
114 59
114 42
114 71
114 187
114 34
114 27
114 67
114 25
114 169
114 176
114 124
114 194
114 130
114 75
114 98
114 119
114 174
114 68
114 115
114 11
114 199
114 132
114 137
114 135
114 168
114 175
114 101
114 134
114 145
114 79
114 192
114 191
114 80
114 18
114 86
114 47
114 36
114 2
114 52
114 95
114 159
114 38
114 143
114 125
114 133
114 65
114 186
114 20
114 4
114 13
114 21
114 62
162 111
162 172
162 81
162 24
162 117
162 178
162 118
162 140
162 93
162 180
162 129
162 82
162 185
162 99
162 154
162 105
162 109
162 108
162 8
162 78
162 71
162 183
162 139
162 67
162 190
162 170
162 124
162 194
162 39
162 75
162 77
162 98
162 174
162 128
162 115
162 11
162 199
162 137
162 135
162 84
162 175
162 101
162 5
162 165
162 89
162 145
162 153
162 192
162 126
162 123
162 17
162 181
162 43
162 83
162 47
162 36
162 22
162 95
162 147
162 38
162 143
162 19
162 148
162 125
162 26
162 65
162 4
162 13
162 74
162 21
162 193
179 111
179 172
179 24
179 117
179 189
179 23
179 178
179 118
179 140
179 82
179 185
179 154
179 109
179 90
179 108
179 110
179 40
179 8
179 92
179 78
179 71
179 27
179 7
179 139
179 60
179 25
179 169
179 46
179 170
179 14
179 39
179 75
179 77
179 11
179 199
179 135
179 84
179 168
179 161
179 41
179 89
179 145
179 153
179 79
179 131
179 192
179 126
179 191
179 123
179 160
179 80
179 17
179 18
179 181
179 43
179 184
179 95
179 159
179 38
179 143
179 19
179 133
179 20
179 4
179 127
179 21
94 111
94 172
94 64
94 24
94 117
94 23
94 178
94 58
94 166
94 93
94 198
94 150
94 185
94 99
94 154
94 90
94 40
94 156
94 92
94 78
94 59
94 27
94 60
94 67
94 176
94 170
94 130
94 138
94 48
94 174
94 68
94 128
94 115
94 151
94 137
94 168
94 161
94 175
94 157
94 5
94 165
94 89
94 79
94 126
94 96
94 17
94 18
94 181
94 43
94 47
94 2
94 159
94 10
94 38
94 19
94 148
94 125
94 133
94 20
94 13
94 74
94 62
111 172
111 81
111 103
111 117
111 196
111 178
111 97
111 200
111 140
111 93
111 180
111 150
111 129
111 82
111 185
111 154
111 108
111 6
111 78
111 42
111 71
111 34
111 155
111 139
111 60
111 169
111 176
111 190
111 170
111 194
111 130
111 138
111 48
111 174
111 128
111 115
111 11
111 151
111 199
111 177
111 137
111 168
111 101
111 134
111 41
111 157
111 5
111 165
111 89
111 192
111 191
111 160
111 17
111 181
111 43
111 36
111 147
111 38
111 19
111 20
111 13
111 12
111 74
172 45
172 81
172 64
172 24
172 117
172 189
172 55
172 196
172 23
172 178
172 140
172 93
172 180
172 150
172 129
172 82
172 99
172 154
172 108
172 110
172 8
172 6
172 78
172 42
172 155
172 27
172 7
172 139
172 60
172 67
172 25
172 169
172 46
172 170
172 124
172 194
172 39
172 130
172 138
172 77
172 98
172 119
172 151
172 177
172 132
172 135
172 84
172 134
172 70
172 5
172 165
172 149
172 79
172 192
172 126
172 191
172 96
172 160
172 18
172 181
172 36
172 22
172 2
172 52
172 147
172 159
172 10
172 143
172 148
172 133
172 26
172 20
172 127
172 74
45 81
45 64
45 117
45 55
45 196
45 23
45 178
45 93
45 198
45 150
45 129
45 99
45 154
45 105
45 109
45 90
45 8
45 6
45 92
45 78
45 59
45 42
45 71
45 187
45 34
45 155
45 27
45 7
45 139
45 60
45 67
45 25
45 182
45 169
45 176
45 46
45 190
45 170
45 124
45 14
45 39
45 130
45 138
45 77
45 48
45 119
45 174
45 68
45 115
45 11
45 151
45 199
45 132
45 84
45 161
45 175
45 101
45 41
45 70
45 157
45 5
45 165
45 149
45 145
45 192
45 123
45 160
45 17
45 83
45 47
45 36
45 2
45 52
45 147
45 159
45 10
45 38
45 148
45 4
45 12
45 62
81 103
81 24
81 117
81 189
81 55
81 23
81 178
81 58
81 166
81 118
81 200
81 140
81 93
81 150
81 129
81 82
81 99
81 154
81 105
81 109
81 90
81 108
81 110
81 40
81 92
81 59
81 42
81 71
81 187
81 27
81 7
81 139
81 60
81 67
81 25
81 182
81 169
81 176
81 46
81 194
81 14
81 138
81 75
81 98
81 119
81 174
81 68
81 115
81 199
81 132
81 135
81 161
81 101
81 41
81 89
81 149
81 145
81 153
81 131
81 126
81 160
81 17
81 86
81 83
81 47
81 52
81 184
81 106
81 95
81 159
81 38
81 148
81 125
81 133
81 26
81 65
81 186
81 4
81 127
81 12
81 74
81 21
64 103
64 24
64 97
64 58
64 166
64 118
64 140
64 93
64 129
64 99
64 154
64 108
64 110
64 8
64 78
64 59
64 27
64 60
64 25
64 182
64 46
64 190
64 170
64 124
64 194
64 14
64 39
64 130
64 75
64 98
64 48
64 174
64 68
64 115
64 151
64 199
64 135
64 84
64 168
64 134
64 41
64 5
64 89
64 149
64 79
64 131
64 192
64 191
64 197
64 160
64 17
64 18
64 43
64 83
64 36
64 2
64 52
64 184
64 147
64 148
64 125
64 133
64 65
64 186
64 4
64 74
64 21
103 117
103 189
103 23
103 118
103 93
103 198
103 150
103 129
103 185
103 108
103 156
103 6
103 78
103 59
103 187
103 34
103 139
103 67
103 169
103 176
103 46
103 190
103 124
103 194
103 14
103 130
103 75
103 77
103 98
103 48
103 174
103 128
103 177
103 132
103 137
103 135
103 84
103 168
103 161
103 175
103 134
103 70
103 157
103 5
103 165
103 89
103 149
103 145
103 153
103 197
103 96
103 86
103 47
103 36
103 2
103 52
103 184
103 95
103 38
103 19
103 26
103 65
103 4
103 127
103 13
24 117
24 189
24 196
24 23
24 178
24 97
24 58
24 118
24 140
24 198
24 180
24 150
24 82
24 185
24 154
24 105
24 108
24 110
24 40
24 8
24 156
24 92
24 59
24 71
24 187
24 155
24 7
24 139
24 60
24 182
24 170
24 124
24 194
24 39
24 130
24 75
24 77
24 128
24 151
24 199
24 168
24 175
24 134
24 70
24 157
24 5
24 145
24 153
24 192
24 126
24 123
24 160
24 86
24 43
24 22
24 2
24 52
24 184
24 106
24 95
24 147
24 10
24 148
24 125
24 127
24 13
24 12
24 74
24 21
24 193
24 62
117 189
117 196
117 23
117 200
117 93
117 150
117 82
117 105
117 108
117 110
117 40
117 8
117 156
117 71
117 187
117 183
117 155
117 67
117 25
117 169
117 190
117 170
117 14
117 39
117 138
117 77
117 98
117 48
117 174
117 11
117 151
117 199
117 177
117 137
117 84
117 168
117 175
117 101
117 134
117 157
117 5
117 149
117 145
117 126
117 123
117 197
117 160
117 80
117 18
117 86
117 43
117 184
117 147
117 10
117 38
117 19
117 4
117 127
117 13
117 12
117 74
117 21
117 193
189 55
189 23
189 97
189 58
189 166
189 118
189 140
189 150
189 129
189 154
189 90
189 8
189 92
189 59
189 42
189 71
189 183
189 34
189 155
189 27
189 139
189 67
189 25
189 176
189 46
189 190
189 124
189 14
189 130
189 138
189 75
189 98
189 48
189 119
189 174
189 11
189 199
189 135
189 168
189 175
189 101
189 134
189 41
189 70
189 89
189 145
189 79
189 191
189 123
189 197
189 96
189 160
189 80
189 17
189 83
189 47
189 36
189 52
189 106
189 10
189 38
189 143
189 19
189 133
189 26
189 65
189 20
189 13
189 193
55 58
55 118
55 200
55 93
55 198
55 129
55 82
55 99
55 90
55 108
55 110
55 40
55 156
55 42
55 187
55 183
55 155
55 27
55 7
55 67
55 46
55 190
55 14
55 39
55 75
55 77
55 128
55 115
55 151
55 177
55 84
55 168
55 161
55 101
55 134
55 89
55 145
55 197
55 160
55 80
55 17
55 181
55 43
55 47
55 22
55 2
55 184
55 95
55 38
55 143
55 19
55 148
55 125
55 65
55 186
55 13
55 74
55 21
55 193
55 62
196 23
196 178
196 97
196 166
196 200
196 140
196 198
196 180
196 82
196 99
196 154
196 109
196 108
196 8
196 6
196 78
196 59
196 42
196 187
196 183
196 34
196 27
196 7
196 139
196 67
196 182
196 169
196 176
196 190
196 170
196 124
196 14
196 77
196 119
196 174
196 128
196 11
196 151
196 132
196 137
196 161
196 175
196 101
196 157
196 165
196 89
196 145
196 153
196 79
196 131
196 191
196 197
196 96
196 80
196 17
196 86
196 2
196 52
196 184
196 106
196 95
196 159
196 125
196 26
196 65
196 20
196 4
23 97
23 166
23 118
23 200
23 140
23 93
23 198
23 180
23 150
23 129
23 82
23 99
23 154
23 109
23 108
23 40
23 6
23 78
23 59
23 42
23 71
23 187
23 183
23 155
23 27
23 7
23 67
23 25
23 182
23 169
23 190
23 194
23 14
23 39
23 77
23 119
23 68
23 128
23 115
23 151
23 199
23 177
23 132
23 135
23 161
23 70
23 165
23 145
23 153
23 79
23 126
23 191
23 96
23 160
23 80
23 86
23 36
23 22
23 184
23 106
23 159
23 38
23 143
23 133
23 26
23 65
23 186
23 20
23 127
23 13
23 12
23 21
23 193
23 62
178 97
178 200
178 140
178 198
178 129
178 82
178 185
178 99
178 154
178 105
178 90
178 108
178 110
178 6
178 59
178 42
178 187
178 155
178 7
178 139
178 60
178 25
178 182
178 170
178 194
178 14
178 39
178 130
178 138
178 119
178 174
178 68
178 128
178 11
178 199
178 132
178 137
178 135
178 84
178 168
178 161
178 101
178 134
178 41
178 157
178 5
178 145
178 126
178 197
178 160
178 80
178 47
178 36
178 22
178 95
178 147
178 159
178 10
178 19
178 125
178 65
178 20
178 127
178 13
178 12
178 21
178 193
178 62
97 58
97 166
97 200
97 140
97 93
97 198
97 82
97 99
97 154
97 90
97 108
97 156
97 6
97 92
97 59
97 42
97 187
97 27
97 7
97 60
97 67
97 169
97 176
97 190
97 170
97 124
97 39
97 138
97 75
97 98
97 48
97 174
97 128
97 11
97 199
97 132
97 137
97 168
97 161
97 175
97 101
97 134
97 157
97 5
97 165
97 89
97 149
97 145
97 131
97 192
97 123
97 197
97 96
97 160
97 17
97 181
97 43
97 36
97 52
97 184
97 159
97 10
97 143
97 148
97 26
97 20
97 4
97 127
97 13
97 12
97 74
58 140
58 198
58 150
58 82
58 99
58 154
58 105
58 108
58 110
58 8
58 156
58 6
58 71
58 187
58 183
58 155
58 27
58 7
58 139
58 67
58 25
58 182
58 169
58 176
58 190
58 170
58 124
58 194
58 14
58 39
58 130
58 75
58 98
58 48
58 128
58 11
58 151
58 199
58 177
58 135
58 168
58 161
58 101
58 5
58 89
58 145
58 153
58 79
58 197
58 96
58 86
58 36
58 22
58 2
58 184
58 106
58 147
58 159
58 38
58 19
58 125
58 65
58 186
58 20
58 12
58 74
58 193
58 62
166 118
166 140
166 93
166 150
166 129
166 82
166 99
166 154
166 105
166 108
166 8
166 92
166 78
166 187
166 34
166 155
166 7
166 139
166 169
166 176
166 170
166 194
166 14
166 39
166 130
166 138
166 77
166 68
166 128
166 115
166 151
166 199
166 177
166 135
166 161
166 175
166 101
166 157
166 89
166 145
166 153
166 79
166 131
166 192
166 126
166 191
166 197
166 160
166 18
166 43
166 36
166 22
166 2
166 184
166 143
166 19
166 148
166 26
166 20
166 13
166 12
166 21
166 193
166 62
118 140
118 93
118 198
118 180
118 150
118 129
118 99
118 154
118 109
118 90
118 110
118 8
118 156
118 6
118 59
118 7
118 67
118 25
118 182
118 169
118 176
118 190
118 170
118 124
118 194
118 48
118 174
118 128
118 177
118 132
118 137
118 135
118 161
118 175
118 101
118 134
118 41
118 70
118 165
118 145
118 192
118 191
118 80
118 18
118 86
118 181
118 43
118 22
118 2
118 184
118 106
118 95
118 147
118 159
118 26
118 186
118 127
118 13
118 12
118 74
118 193
200 140
200 93
200 198
200 180
200 150
200 82
200 185
200 154
200 90
200 40
200 156
200 6
200 59
200 187
200 155
200 27
200 7
200 60
200 182
200 176
200 46
200 190
200 124
200 14
200 39
200 130
200 138
200 75
200 77
200 98
200 174
200 68
200 128
200 115
200 11
200 177
200 132
200 135
200 175
200 101
200 41
200 70
200 157
200 5
200 89
200 153
200 192
200 126
200 191
200 123
200 197
200 17
200 18
200 86
200 43
200 83
200 47
200 36
200 147
200 159
200 10
200 38
200 143
200 148
200 125
200 133
200 26
200 186
200 74
200 21
200 193
200 62
140 93
140 198
140 180
140 150
140 82
140 185
140 99
140 154
140 90
140 108
140 110
140 40
140 156
140 6
140 92
140 59
140 42
140 187
140 183
140 155
140 27
140 7
140 139
140 60
140 67
140 25
140 169
140 176
140 46
140 190
140 170
140 124
140 194
140 39
140 138
140 98
140 48
140 119
140 174
140 128
140 115
140 151
140 132
140 137
140 175
140 165
140 145
140 153
140 191
140 123
140 197
140 17
140 18
140 86
140 181
140 47
140 184
140 106
140 147
140 10
140 38
140 125
140 26
140 65
140 186
140 13
140 21
140 193
93 198
93 180
93 150
93 129
93 82
93 185
93 154
93 105
93 109
93 90
93 108
93 40
93 156
93 6
93 92
93 78
93 42
93 71
93 183
93 155
93 27
93 7
93 139
93 60
93 67
93 25
93 124
93 14
93 39
93 138
93 98
93 119
93 174
93 128
93 115
93 151
93 199
93 177
93 135
93 161
93 134
93 41
93 70
93 157
93 5
93 145
93 123
93 197
93 80
93 17
93 18
93 52
93 106
93 147
93 159
93 38
93 19
93 186
93 12
198 180
198 150
198 129
198 82
198 185
198 99
198 90
198 108
198 6
198 78
198 59
198 42
198 71
198 187
198 34
198 155
198 7
198 139
198 60
198 67
198 25
198 182
198 169
198 176
198 46
198 190
198 124
198 194
198 14
198 130
198 77
198 98
198 119
198 174
198 115
198 11
198 151
198 199
198 132
198 137
198 84
198 161
198 175
198 101
198 134
198 41
198 165
198 149
198 79
198 197
198 96
198 17
198 18
198 86
198 181
198 83
198 47
198 22
198 2
198 52
198 159
198 10
198 38
198 19
198 148
198 125
198 133
198 20
198 4
198 13
198 12
180 150
180 129
180 82
180 185
180 99
180 154
180 105
180 108
180 110
180 40
180 8
180 156
180 6
180 92
180 78
180 71
180 187
180 27
180 7
180 139
180 60
180 25
180 182
180 169
180 176
180 46
180 190
180 170
180 124
180 194
180 14
180 39
180 138
180 48
180 119
180 174
180 115
180 151
180 199
180 132
180 135
180 84
180 168
180 161
180 134
180 41
180 157
180 5
180 89
180 149
180 145
180 153
180 131
180 191
180 197
180 160
180 17
180 86
180 181
180 47
180 36
180 184
180 95
180 159
180 143
180 19
180 148
180 26
180 65
180 20
180 4
180 127
180 13
180 21
180 62
150 129
150 82
150 185
150 99
150 154
150 90
150 108
150 110
150 92
150 78
150 59
150 42
150 71
150 187
150 155
150 27
150 7
150 139
150 60
150 25
150 169
150 176
150 190
150 170
150 124
150 194
150 14
150 130
150 75
150 98
150 174
150 68
150 128
150 115
150 11
150 199
150 137
150 84
150 161
150 134
150 70
150 157
150 5
150 165
150 89
150 145
150 153
150 131
150 197
150 96
150 80
150 43
150 83
150 36
150 22
150 95
150 38
150 143
150 133
150 20
150 12
150 74
150 21
150 193
129 82
129 185
129 99
129 105
129 108
129 40
129 8
129 156
129 6
129 92
129 59
129 187
129 34
129 155
129 27
129 139
129 25
129 176
129 194
129 39
129 130
129 138
129 75
129 119
129 174
129 115
129 11
129 199
129 177
129 132
129 137
129 135
129 84
129 175
129 101
129 41
129 157
129 5
129 89
129 131
129 192
129 126
129 191
129 197
129 160
129 80
129 17
129 18
129 181
129 43
129 83
129 47
129 36
129 22
129 2
129 184
129 95
129 10
129 38
129 125
129 65
129 186
129 20
129 4
129 127
129 13
82 185
82 99
82 154
82 105
82 90
82 108
82 110
82 40
82 6
82 92
82 59
82 42
82 183
82 34
82 155
82 27
82 7
82 139
82 60
82 25
82 182
82 169
82 170
82 124
82 194
82 14
82 130
82 138
82 75
82 77
82 174
82 68
82 128
82 115
82 151
82 199
82 177
82 135
82 168
82 161
82 175
82 101
82 5
82 149
82 153
82 123
82 197
82 96
82 80
82 17
82 18
82 86
82 181
82 106
82 95
82 19
82 26
82 186
82 127
82 74
82 193
185 99
185 154
185 105
185 90
185 108
185 110
185 40
185 8
185 156
185 6
185 92
185 78
185 59
185 187
185 155
185 7
185 139
185 25
185 182
185 169
185 176
185 46
185 170
185 194
185 14
185 130
185 138
185 75
185 77
185 98
185 48
185 119
185 174
185 115
185 11
185 151
185 199
185 177
185 135
185 84
185 161
185 175
185 101
185 134
185 41
185 5
185 165
185 145
185 153
185 126
185 191
185 123
185 96
185 80
185 18
185 86
185 181
185 43
185 36
185 22
185 95
185 147
185 159
185 10
185 19
185 65
185 186
185 127
185 12
185 21
185 62
99 154
99 105
99 109
99 90
99 108
99 110
99 8
99 6
99 92
99 42
99 187
99 34
99 27
99 7
99 60
99 67
99 25
99 176
99 46
99 190
99 170
99 124
99 194
99 130
99 138
99 68
99 128
99 115
99 151
99 177
99 132
99 137
99 135
99 101
99 134
99 157
99 5
99 165
99 153
99 79
99 123
99 96
99 80
99 43
99 83
99 36
99 22
99 2
99 95
99 147
99 38
99 125
99 133
99 186
99 20
99 127
99 13
99 12
99 21
99 193
99 62
154 105
154 90
154 108
154 110
154 40
154 8
154 156
154 6
154 92
154 78
154 59
154 42
154 71
154 187
154 183
154 155
154 27
154 7
154 60
154 25
154 169
154 176
154 46
154 190
154 170
154 124
154 138
154 48
154 119
154 174
154 128
154 151
154 199
154 137
154 135
154 161
154 175
154 101
154 134
154 157
154 5
154 89
154 149
154 79
154 126
154 123
154 197
154 80
154 17
154 86
154 181
154 43
154 22
154 52
154 106
154 147
154 159
154 10
154 38
154 143
154 19
154 148
154 125
154 65
154 20
154 12
154 21
154 193
105 109
105 90
105 108
105 110
105 6
105 92
105 59
105 42
105 71
105 187
105 183
105 34
105 27
105 7
105 60
105 25
105 176
105 170
105 124
105 194
105 174
105 68
105 115
105 177
105 137
105 168
105 101
105 157
105 5
105 89
105 149
105 145
105 153
105 79
105 192
105 126
105 191
105 197
105 18
105 43
105 106
105 95
105 147
105 159
105 143
105 19
105 125
105 65
105 20
105 74
105 21
109 110
109 8
109 156
109 6
109 187
109 34
109 27
109 139
109 60
109 182
109 169
109 176
109 170
109 194
109 39
109 130
109 75
109 98
109 48
109 119
109 68
109 11
109 151
109 132
109 135
109 84
109 168
109 175
109 101
109 134
109 157
109 5
109 89
109 149
109 145
109 131
109 192
109 126
109 191
109 96
109 17
109 47
109 2
109 52
109 184
109 106
109 159
109 10
109 19
109 125
109 133
109 26
109 65
109 186
109 20
109 127
109 12
109 74
109 21
109 193
109 62
90 110
90 8
90 6
90 92
90 78
90 59
90 42
90 187
90 183
90 155
90 27
90 7
90 60
90 67
90 182
90 176
90 46
90 190
90 170
90 194
90 75
90 151
90 199
90 177
90 132
90 137
90 135
90 161
90 134
90 157
90 165
90 149
90 145
90 131
90 192
90 126
90 191
90 197
90 96
90 86
90 181
90 43
90 83
90 22
90 52
90 184
90 95
90 147
90 10
90 26
90 186
90 4
90 13
90 12
108 110
108 156
108 6
108 92
108 78
108 42
108 71
108 187
108 183
108 34
108 155
108 27
108 7
108 139
108 25
108 169
108 176
108 46
108 190
108 170
108 194
108 14
108 75
108 98
108 48
108 68
108 11
108 151
108 177
108 132
108 137
108 135
108 168
108 161
108 134
108 41
108 70
108 5
108 165
108 149
108 145
108 131
108 192
108 126
108 160
108 17
108 86
108 181
108 43
108 36
108 106
108 95
108 159
108 38
108 143
108 133
108 20
108 4
108 13
108 12
108 193
108 62
110 6
110 78
110 59
110 42
110 71
110 187
110 183
110 27
110 7
110 25
110 182
110 169
110 190
110 170
110 124
110 14
110 138
110 98
110 48
110 119
110 174
110 68
110 128
110 151
110 177
110 137
110 135
110 168
110 101
110 157
110 89
110 149
110 131
110 192
110 191
110 17
110 18
110 86
110 181
110 47
110 22
110 2
110 184
110 106
110 95
110 147
110 19
110 133
110 186
110 20
110 4
110 74
110 21
110 193
40 156
40 6
40 92
40 59
40 187
40 183
40 155
40 7
40 139
40 182
40 176
40 46
40 170
40 14
40 39
40 138
40 75
40 77
40 98
40 119
40 128
40 151
40 135
40 84
40 168
40 70
40 157
40 145
40 153
40 131
40 192
40 123
40 197
40 18
40 181
40 47
40 22
40 2
40 52
40 159
40 10
40 38
40 148
40 125
40 26
40 4
40 127
40 13
40 74
40 21
8 156
8 6
8 92
8 78
8 183
8 34
8 27
8 67
8 169
8 176
8 170
8 124
8 194
8 39
8 75
8 77
8 48
8 119
8 174
8 128
8 115
8 11
8 168
8 101
8 134
8 41
8 70
8 157
8 165
8 145
8 153
8 131
8 192
8 126
8 160
8 80
8 18
8 43
8 47
8 36
8 22
8 184
8 106
8 95
8 147
8 10
8 143
8 19
8 186
8 13
8 193
156 6
156 92
156 42
156 71
156 187
156 183
156 155
156 27
156 67
156 25
156 182
156 169
156 46
156 190
156 170
156 194
156 14
156 138
156 75
156 77
156 98
156 48
156 115
156 151
156 199
156 177
156 84
156 161
156 175
156 41
156 70
156 165
156 89
156 149
156 145
156 192
156 123
156 96
156 80
156 43
156 47
156 36
156 2
156 184
156 106
156 95
156 147
156 38
156 143
156 148
156 133
156 13
156 74
156 21
156 193
156 62
6 92
6 59
6 187
6 155
6 27
6 60
6 25
6 176
6 46
6 190
6 170
6 124
6 194
6 130
6 138
6 75
6 48
6 119
6 11
6 177
6 168
6 161
6 101
6 134
6 41
6 5
6 165
6 131
6 191
6 80
6 18
6 86
6 43
6 83
6 47
6 22
6 2
6 159
6 10
6 38
6 143
6 148
6 125
6 26
6 65
6 186
6 127
6 74
92 59
92 42
92 71
92 183
92 155
92 27
92 7
92 60
92 25
92 169
92 176
92 46
92 190
92 170
92 194
92 14
92 39
92 77
92 98
92 48
92 174
92 115
92 199
92 137
92 161
92 101
92 145
92 153
92 79
92 131
92 191
92 197
92 160
92 86
92 47
92 22
92 184
92 106
92 95
92 133
92 4
92 127
92 13
78 59
78 42
78 71
78 187
78 183
78 155
78 27
78 7
78 182
78 169
78 176
78 46
78 190
78 124
78 194
78 130
78 138
78 98
78 48
78 119
78 115
78 11
78 151
78 199
78 177
78 84
78 168
78 161
78 175
78 134
78 41
78 70
78 165
78 89
78 153
78 79
78 131
78 192
78 191
78 123
78 160
78 80
78 86
78 181
78 83
78 36
78 184
78 159
78 10
78 133
78 65
78 186
78 20
78 4
78 13
78 74
78 21
78 62
59 42
59 187
59 183
59 34
59 155
59 27
59 7
59 139
59 67
59 182
59 176
59 46
59 170
59 194
59 39
59 77
59 48
59 119
59 174
59 68
59 128
59 115
59 151
59 199
59 177
59 132
59 137
59 84
59 168
59 175
59 101
59 134
59 41
59 5
59 165
59 79
59 131
59 192
59 96
59 80
59 18
59 86
59 181
59 43
59 36
59 22
59 52
59 184
59 106
59 95
59 10
59 133
59 186
59 20
59 193
42 71
42 187
42 34
42 155
42 27
42 139
42 60
42 67
42 25
42 170
42 124
42 194
42 14
42 39
42 75
42 77
42 68
42 11
42 151
42 135
42 84
42 161
42 157
42 5
42 165
42 89
42 149
42 145
42 79
42 131
42 123
42 197
42 86
42 181
42 83
42 184
42 106
42 10
42 125
42 186
42 74
71 183
71 34
71 155
71 7
71 139
71 67
71 25
71 176
71 46
71 190
71 170
71 124
71 194
71 14
71 130
71 77
71 48
71 119
71 115
71 151
71 199
71 177
71 137
71 84
71 161
71 134
71 157
71 165
71 149
71 145
71 79
71 131
71 126
71 197
71 96
71 80
71 17
71 18
71 181
71 43
71 36
71 2
71 106
71 95
71 147
71 159
71 10
71 148
71 186
71 20
71 4
71 13
71 12
71 74
71 21
71 62
187 183
187 155
187 27
187 7
187 139
187 60
187 67
187 25
187 182
187 176
187 46
187 170
187 124
187 194
187 14
187 138
187 75
187 77
187 98
187 119
187 68
187 115
187 135
187 84
187 168
187 161
187 70
187 157
187 165
187 89
187 153
187 79
187 131
187 192
187 191
187 123
187 197
187 160
187 80
187 43
187 22
187 10
187 148
187 133
187 26
187 65
187 4
187 127
187 13
187 21
187 193
183 34
183 7
183 139
183 60
183 67
183 25
183 182
183 46
183 190
183 170
183 130
183 75
183 77
183 119
183 128
183 151
183 132
183 137
183 135
183 84
183 168
183 134
183 41
183 70
183 165
183 89
183 149
183 145
183 153
183 131
183 126
183 123
183 197
183 86
183 43
183 83
183 47
183 36
183 22
183 184
183 106
183 147
183 148
183 186
183 4
183 12
183 74
183 21
183 193
34 155
34 27
34 7
34 60
34 25
34 182
34 169
34 176
34 46
34 170
34 124
34 39
34 130
34 75
34 77
34 48
34 119
34 174
34 68
34 128
34 115
34 151
34 199
34 177
34 175
34 157
34 149
34 79
34 131
34 123
34 197
34 160
34 18
34 181
34 83
34 47
34 22
34 10
34 125
34 133
34 26
34 186
34 127
34 21
34 193
155 27
155 7
155 139
155 60
155 25
155 169
155 176
155 46
155 190
155 124
155 194
155 14
155 39
155 130
155 75
155 98
155 68
155 128
155 115
155 177
155 132
155 135
155 175
155 101
155 5
155 79
155 192
155 126
155 123
155 197
155 96
155 160
155 181
155 43
155 83
155 22
155 2
155 52
155 184
155 106
155 159
155 10
155 125
155 133
155 26
155 186
155 20
155 127
155 193
155 62
27 7
27 139
27 60
27 25
27 182
27 169
27 176
27 46
27 170
27 124
27 194
27 14
27 130
27 138
27 75
27 98
27 128
27 168
27 161
27 134
27 5
27 149
27 145
27 79
27 131
27 192
27 123
27 197
27 160
27 83
27 47
27 36
27 22
27 2
27 52
27 184
27 147
27 159
27 19
27 26
27 65
27 4
27 127
27 74
27 62
7 139
7 60
7 67
7 182
7 46
7 190
7 170
7 194
7 14
7 39
7 138
7 75
7 199
7 132
7 135
7 84
7 168
7 101
7 134
7 41
7 5
7 145
7 123
7 96
7 160
7 17
7 181
7 83
7 36
7 52
7 106
7 38
7 19
7 148
7 186
7 20
7 74
7 21
7 62
139 67
139 25
139 176
139 46
139 138
139 77
139 48
139 68
139 115
139 199
139 177
139 84
139 168
139 161
139 175
139 101
139 134
139 41
139 70
139 157
139 165
139 145
139 153
139 131
139 126
139 123
139 197
139 96
139 18
139 181
139 43
139 47
139 2
139 184
139 95
139 159
139 10
139 19
139 26
139 65
139 13
139 21
139 62
60 25
60 182
60 176
60 46
60 190
60 124
60 194
60 14
60 39
60 75
60 98
60 48
60 174
60 128
60 115
60 199
60 177
60 135
60 168
60 161
60 101
60 41
60 70
60 165
60 89
60 79
60 126
60 197
60 96
60 80
60 18
60 43
60 83
60 22
60 2
60 106
60 147
60 159
60 125
60 26
60 186
60 20
60 127
60 12
60 193
67 176
67 46
67 190
67 194
67 14
67 130
67 138
67 48
67 119
67 174
67 68
67 128
67 11
67 199
67 177
67 137
67 135
67 161
67 101
67 5
67 145
67 126
67 191
67 96
67 80
67 18
67 43
67 47
67 22
67 184
67 95
67 147
67 159
67 143
67 19
67 148
67 133
67 26
67 186
67 20
67 127
67 12
67 193
25 182
25 169
25 176
25 46
25 190
25 170
25 194
25 14
25 39
25 119
25 68
25 151
25 132
25 137
25 168
25 161
25 175
25 101
25 134
25 157
25 5
25 145
25 153
25 79
25 131
25 123
25 197
25 96
25 160
25 17
25 18
25 86
25 43
25 83
25 22
25 184
25 106
25 95
25 147
25 10
25 38
25 13
25 12
25 74
25 193
25 62
182 176
182 170
182 124
182 194
182 14
182 130
182 138
182 98
182 48
182 68
182 128
182 151
182 132
182 175
182 134
182 70
182 5
182 165
182 149
182 131
182 192
182 191
182 197
182 96
182 80
182 17
182 18
182 86
182 43
182 83
182 2
182 147
182 10
182 38
182 143
182 125
182 133
182 26
182 65
182 186
182 4
182 127
182 13
182 74
182 193
182 62
169 176
169 46
169 124
169 14
169 39
169 138
169 75
169 77
169 98
169 119
169 174
169 115
169 11
169 151
169 177
169 135
169 168
169 101
169 134
169 157
169 5
169 149
169 79
169 192
169 191
169 47
169 36
169 22
169 2
169 52
169 95
169 10
169 38
169 143
169 65
169 20
169 13
169 74
176 46
176 170
176 124
176 194
176 14
176 138
176 119
176 68
176 128
176 115
176 11
176 199
176 177
176 132
176 137
176 175
176 101
176 149
176 145
176 79
176 197
176 96
176 18
176 86
176 47
176 2
176 52
176 184
176 106
176 95
176 147
176 159
176 10
176 143
176 19
176 148
176 133
176 20
176 127
176 13
176 21
176 193
176 62
46 190
46 170
46 124
46 194
46 14
46 39
46 130
46 138
46 75
46 68
46 128
46 177
46 132
46 168
46 161
46 134
46 41
46 157
46 89
46 145
46 79
46 126
46 191
46 123
46 80
46 36
46 2
46 106
46 95
46 147
46 159
46 10
46 38
46 143
46 19
46 148
46 26
46 65
46 186
46 20
46 4
46 74
46 21
46 193
46 62
190 170
190 124
190 194
190 75
190 98
190 48
190 174
190 115
190 11
190 151
190 132
190 175
190 101
190 41
190 157
190 165
190 89
190 79
190 131
190 192
190 191
190 123
190 197
190 83
190 47
190 22
190 2
190 52
190 95
190 147
190 159
190 143
190 125
190 26
190 127
190 13
190 12
190 62
170 124
170 194
170 39
170 138
170 75
170 98
170 48
170 119
170 174
170 128
170 151
170 199
170 132
170 137
170 168
170 161
170 175
170 101
170 134
170 41
170 70
170 165
170 149
170 79
170 192
170 197
170 83
170 36
170 2
170 106
170 147
170 10
170 38
170 143
170 148
170 20
170 13
170 193
124 39
124 130
124 138
124 75
124 77
124 98
124 119
124 128
124 115
124 199
124 177
124 137
124 135
124 161
124 101
124 41
124 157
124 5
124 165
124 145
124 192
124 126
124 160
124 17
124 83
124 47
124 2
124 52
124 38
124 143
124 125
124 65
124 4
124 127
124 13
124 74
124 21
124 193
124 62
194 14
194 39
194 130
194 98
194 48
194 119
194 68
194 128
194 115
194 11
194 151
194 199
194 177
194 132
194 137
194 168
194 161
194 175
194 134
194 41
194 70
194 149
194 192
194 191
194 197
194 96
194 160
194 17
194 18
194 86
194 43
194 83
194 22
194 184
194 143
194 148
194 133
194 26
194 20
194 127
194 13
194 12
194 21
194 193
14 130
14 77
14 98
14 48
14 119
14 68
14 128
14 115
14 177
14 135
14 161
14 175
14 101
14 5
14 165
14 145
14 191
14 197
14 96
14 80
14 17
14 86
14 83
14 36
14 19
14 133
14 26
14 65
14 186
14 20
14 127
14 74
14 193
14 62
39 75
39 77
39 98
39 48
39 174
39 68
39 128
39 115
39 11
39 151
39 132
39 137
39 84
39 161
39 101
39 70
39 157
39 165
39 145
39 79
39 131
39 197
39 96
39 160
39 80
39 86
39 181
39 43
39 47
39 36
39 95
39 147
39 159
39 10
39 19
39 148
39 133
39 65
39 186
39 20
39 127
39 13
39 21
130 138
130 75
130 98
130 119
130 128
130 11
130 199
130 132
130 135
130 84
130 161
130 175
130 134
130 41
130 70
130 157
130 5
130 145
130 153
130 131
130 192
130 126
130 191
130 197
130 160
130 80
130 17
130 86
130 181
130 47
130 22
130 2
130 95
130 143
130 125
130 26
130 65
130 186
130 4
130 127
130 13
130 12
130 74
130 62
138 77
138 98
138 48
138 128
138 11
138 151
138 199
138 132
138 135
138 175
138 101
138 134
138 41
138 70
138 165
138 153
138 79
138 126
138 123
138 197
138 96
138 160
138 18
138 86
138 43
138 83
138 36
138 2
138 52
138 95
138 147
138 10
138 143
138 19
138 148
138 26
138 20
138 13
138 74
75 77
75 98
75 174
75 68
75 115
75 11
75 177
75 132
75 137
75 135
75 84
75 175
75 101
75 41
75 157
75 5
75 165
75 149
75 145
75 126
75 197
75 80
75 18
75 86
75 43
75 83
75 36
75 2
75 95
75 147
75 10
75 38
75 148
75 26
75 65
75 20
75 4
75 12
75 21
75 193
75 62
77 11
77 151
77 177
77 132
77 168
77 175
77 101
77 134
77 41
77 70
77 157
77 5
77 165
77 89
77 149
77 79
77 131
77 126
77 123
77 160
77 17
77 2
77 52
77 184
77 159
77 38
77 143
77 133
77 65
77 186
77 20
77 127
77 12
77 74
77 21
98 48
98 115
98 11
98 199
98 132
98 84
98 161
98 101
98 134
98 41
98 70
98 157
98 153
98 191
98 86
98 181
98 43
98 83
98 47
98 2
98 184
98 106
98 95
98 10
98 38
98 186
98 20
98 127
98 13
98 21
98 193
98 62
48 68
48 199
48 132
48 84
48 168
48 175
48 157
48 5
48 89
48 149
48 126
48 123
48 96
48 80
48 18
48 86
48 181
48 83
48 22
48 184
48 147
48 38
48 19
48 133
48 26
48 65
48 186
48 20
48 4
48 62
119 174
119 68
119 199
119 132
119 137
119 135
119 84
119 161
119 175
119 41
119 157
119 5
119 165
119 89
119 149
119 145
119 191
119 96
119 17
119 181
119 47
119 2
119 147
119 10
119 38
119 143
119 125
119 133
119 65
119 13
119 21
119 193
174 128
174 115
174 151
174 199
174 177
174 132
174 137
174 168
174 161
174 175
174 101
174 157
174 5
174 89
174 149
174 79
174 192
174 126
174 197
174 96
174 160
174 80
174 17
174 181
174 47
174 36
174 95
174 38
174 19
174 133
174 26
174 65
174 4
174 13
174 12
174 62
68 115
68 11
68 151
68 199
68 132
68 137
68 175
68 101
68 134
68 41
68 70
68 157
68 5
68 89
68 149
68 145
68 153
68 79
68 191
68 123
68 197
68 96
68 80
68 17
68 18
68 86
68 181
68 47
68 36
68 2
68 52
68 95
68 159
68 38
68 143
68 133
68 186
68 20
68 4
68 127
68 13
68 74
128 115
128 177
128 132
128 137
128 135
128 161
128 157
128 5
128 89
128 153
128 79
128 126
128 191
128 197
128 160
128 17
128 86
128 181
128 2
128 95
128 147
128 159
128 10
128 143
128 148
128 125
128 26
128 65
128 186
128 12
128 193
128 62
115 151
115 199
115 177
115 135
115 175
115 101
115 157
115 5
115 79
115 126
115 191
115 123
115 80
115 47
115 36
115 22
115 2
115 52
115 184
115 106
115 95
115 19
115 148
115 133
115 26
115 65
115 186
115 20
115 4
115 127
115 74
115 193
11 151
11 199
11 132
11 137
11 135
11 168
11 161
11 175
11 41
11 70
11 157
11 5
11 89
11 145
11 153
11 79
11 192
11 126
11 191
11 197
11 96
11 160
11 80
11 17
11 18
11 86
11 181
11 43
11 47
11 52
11 184
11 106
11 95
11 147
11 159
11 38
11 143
11 148
11 133
11 186
11 127
11 13
11 21
11 62
151 199
151 132
151 137
151 175
151 101
151 70
151 5
151 165
151 89
151 145
151 153
151 79
151 131
151 191
151 96
151 160
151 86
151 181
151 83
151 36
151 147
151 159
151 143
151 19
151 133
151 65
151 186
151 12
151 21
199 137
199 175
199 41
199 70
199 157
199 5
199 145
199 79
199 131
199 197
199 80
199 17
199 18
199 86
199 181
199 184
199 106
199 95
199 10
199 38
199 19
199 148
199 133
199 26
199 12
199 74
199 62
177 84
177 168
177 134
177 41
177 70
177 149
177 131
177 192
177 123
177 197
177 160
177 18
177 43
177 83
177 2
177 52
177 184
177 147
177 38
177 19
177 125
177 186
177 4
177 127
177 193
177 62
132 135
132 84
132 168
132 175
132 101
132 134
132 70
132 157
132 5
132 89
132 145
132 153
132 79
132 192
132 191
132 123
132 96
132 80
132 18
132 86
132 181
132 43
132 83
132 47
132 36
132 2
132 52
132 184
132 106
132 95
132 147
132 10
132 125
132 26
132 65
132 4
132 13
132 12
132 74
132 193
137 84
137 168
137 161
137 175
137 101
137 134
137 41
137 70
137 157
137 5
137 89
137 149
137 153
137 79
137 131
137 191
137 123
137 17
137 18
137 83
137 47
137 2
137 52
137 184
137 95
137 147
137 159
137 10
137 125
137 65
137 20
137 127
137 74
137 21
135 84
135 175
135 101
135 134
135 89
135 197
135 96
135 160
135 80
135 17
135 181
135 47
135 184
135 106
135 147
135 159
135 10
135 143
135 148
135 125
135 65
135 20
135 4
135 12
135 74
135 62
84 161
84 175
84 101
84 134
84 41
84 70
84 157
84 5
84 126
84 96
84 80
84 86
84 47
84 19
84 148
84 125
84 26
84 186
84 13
84 62
168 161
168 175
168 101
168 41
168 157
168 89
168 145
168 79
168 131
168 192
168 126
168 191
168 96
168 160
168 17
168 43
168 36
168 22
168 2
168 184
168 95
168 10
168 133
168 26
168 127
168 12
168 74
161 70
161 5
161 145
161 79
161 131
161 192
161 181
161 36
161 22
161 2
161 106
161 95
161 10
161 143
161 133
161 4
161 13
161 193
161 62
175 134
175 41
175 157
175 89
175 149
175 153
175 79
175 131
175 192
175 126
175 191
175 123
175 197
175 160
175 80
175 18
175 86
175 181
175 43
175 36
175 22
175 52
175 38
175 148
175 26
175 65
175 186
175 20
175 4
175 13
175 12
175 62
101 134
101 70
101 157
101 5
101 165
101 89
101 149
101 145
101 153
101 79
101 131
101 126
101 191
101 96
101 18
101 86
101 181
101 22
101 52
101 184
101 106
101 95
101 38
101 19
101 148
101 133
101 20
101 4
101 13
101 12
101 62
134 41
134 70
134 157
134 89
134 149
134 153
134 131
134 191
134 96
134 18
134 86
134 181
134 43
134 47
134 36
134 52
134 106
134 95
134 159
134 19
134 26
134 186
134 12
134 74
134 21
41 70
41 5
41 89
41 149
41 79
41 126
41 191
41 80
41 43
41 47
41 36
41 2
41 147
41 10
41 38
41 19
41 148
41 125
41 26
41 12
41 21
41 193
41 62
70 157
70 5
70 165
70 149
70 79
70 131
70 192
70 191
70 197
70 18
70 86
70 181
70 43
70 83
70 47
70 184
70 95
70 147
70 159
70 10
70 38
70 19
70 125
70 133
70 26
70 65
70 186
70 20
70 4
70 127
70 13
70 74
70 62
157 5
157 153
157 79
157 131
157 192
157 126
157 160
157 80
157 17
157 181
157 43
157 83
157 47
157 184
157 147
157 159
157 125
157 65
157 4
157 127
157 12
157 74
5 165
5 89
5 145
5 79
5 131
5 192
5 126
5 80
5 17
5 18
5 86
5 181
5 43
5 47
5 22
5 52
5 184
5 106
5 10
5 133
5 65
5 4
5 12
5 74
5 62
165 149
165 145
165 191
165 197
165 96
165 80
165 18
165 181
165 43
165 83
165 47
165 36
165 52
165 147
165 159
165 10
165 38
165 148
165 133
165 127
165 12
89 131
89 191
89 123
89 197
89 96
89 160
89 17
89 181
89 36
89 22
89 184
89 95
89 159
89 10
89 148
89 125
89 26
89 186
89 4
89 127
89 74
149 145
149 153
149 192
149 126
149 191
149 80
149 17
149 86
149 181
149 83
149 36
149 22
149 95
149 147
149 159
149 143
149 19
149 148
149 125
149 133
149 65
149 127
149 13
149 12
149 74
149 21
145 153
145 79
145 131
145 192
145 126
145 197
145 96
145 160
145 17
145 181
145 83
145 47
145 36
145 2
145 95
145 159
145 143
145 133
145 65
145 127
145 193
153 79
153 131
153 192
153 96
153 86
153 181
153 43
153 83
153 47
153 36
153 22
153 2
153 52
153 106
153 95
153 147
153 159
153 19
153 133
153 65
153 20
153 4
153 13
153 12
153 62
79 191
79 123
79 96
79 160
79 86
79 43
79 83
79 36
79 52
79 184
79 106
79 95
79 147
79 159
79 10
79 143
79 125
79 65
79 4
79 13
79 12
79 74
79 21
131 126
131 197
131 96
131 17
131 18
131 86
131 83
131 2
131 106
131 159
131 10
131 38
131 143
131 19
131 148
131 65
131 186
131 4
131 13
131 193
131 62
192 191
192 96
192 160
192 80
192 17
192 18
192 86
192 181
192 47
192 36
192 2
192 52
192 184
192 106
192 10
192 143
192 148
192 133
192 20
192 4
192 12
192 74
192 193
126 123
126 197
126 96
126 80
126 18
126 86
126 181
126 43
126 52
126 159
126 143
126 148
126 20
126 127
126 21
126 62
191 123
191 197
191 18
191 181
191 43
191 36
191 22
191 2
191 184
191 95
191 147
191 38
191 148
191 125
191 186
191 127
191 13
191 12
191 21
191 193
191 62
123 18
123 47
123 52
123 106
123 147
123 10
123 143
123 19
123 148
123 125
123 20
123 13
123 12
123 74
123 21
123 193
197 18
197 83
197 47
197 22
197 184
197 106
197 147
197 159
197 10
197 143
197 148
197 133
197 26
197 186
197 4
197 127
197 13
197 12
197 74
197 62
96 17
96 86
96 43
96 83
96 52
96 95
96 38
96 143
96 125
96 186
96 4
96 127
96 12
96 74
96 21
160 18
160 86
160 181
160 83
160 47
160 36
160 22
160 52
160 184
160 147
160 159
160 38
160 143
160 133
160 65
160 20
160 4
160 127
160 13
160 193
160 62
80 17
80 181
80 43
80 83
80 47
80 36
80 22
80 2
80 184
80 38
80 125
80 133
80 186
80 20
80 4
80 13
80 193
80 62
17 86
17 181
17 36
17 2
17 52
17 184
17 147
17 10
17 38
17 143
17 133
17 26
17 21
17 193
17 62
18 181
18 43
18 83
18 47
18 2
18 52
18 184
18 95
18 147
18 143
18 19
18 125
18 133
18 186
18 20
18 4
18 127
18 13
18 12
18 74
18 21
86 181
86 83
86 47
86 22
86 2
86 106
86 95
86 159
86 10
86 38
86 143
86 19
86 125
86 133
86 26
86 20
86 4
86 127
86 13
86 74
86 21
86 62
181 43
181 83
181 47
181 52
181 106
181 95
181 159
181 10
181 38
181 143
181 148
181 26
181 186
181 20
181 21
181 62
43 36
43 2
43 52
43 184
43 95
43 159
43 10
43 143
43 19
43 148
43 20
43 4
43 12
43 21
83 22
83 2
83 52
83 184
83 95
83 159
83 10
83 38
83 19
83 148
83 125
83 133
83 26
83 65
83 4
83 74
83 62
47 36
47 22
47 52
47 184
47 106
47 95
47 147
47 159
47 10
47 38
47 19
47 125
47 133
47 65
47 186
47 20
47 4
47 127
47 193
36 2
36 52
36 184
36 95
36 147
36 10
36 38
36 143
36 19
36 148
36 26
36 4
36 127
36 13
36 12
36 74
36 21
36 62
22 2
22 184
22 106
22 159
22 38
22 143
22 148
22 20
22 4
2 52
2 106
2 95
2 147
2 159
2 10
2 38
2 143
2 19
2 133
2 20
2 127
2 12
2 21
52 106
52 10
52 143
52 148
52 125
52 133
52 127
52 13
52 12
52 74
52 21
184 147
184 159
184 38
184 19
184 125
184 133
184 26
184 65
184 4
184 21
184 62
106 159
106 10
106 38
106 125
106 65
106 186
106 20
106 127
106 12
106 21
106 62
95 147
95 159
95 10
95 38
95 143
95 19
95 148
95 65
95 186
95 20
95 127
95 13
95 21
95 62
147 38
147 143
147 148
147 125
147 26
147 65
147 127
147 74
147 21
147 62
159 38
159 143
159 125
159 26
159 186
159 20
159 127
159 13
159 12
159 74
159 62
10 143
10 19
10 148
10 125
10 26
10 65
10 186
10 20
10 4
10 127
10 13
10 21
10 62
38 143
38 148
38 133
38 65
38 20
38 4
38 12
38 21
38 62
143 19
143 26
143 186
143 127
143 13
143 12
143 74
143 193
19 148
19 26
19 65
19 20
19 74
19 21
19 62
148 26
148 65
148 20
148 127
148 74
148 21
125 133
125 20
125 4
125 12
125 21
125 62
133 26
133 186
133 20
133 12
133 193
26 65
26 186
26 20
26 4
26 13
26 21
26 62
65 186
65 20
65 12
65 193
65 62
186 4
186 21
186 193
20 4
20 13
20 74
20 62
4 127
4 12
4 21
4 193
4 62
127 12
127 74
127 62
13 12
13 74
13 21
13 193
13 62
74 21
74 193
74 62
21 193
