200
1846
109 141
109 18
109 185
109 176
109 90
109 99
109 4
109 149
109 161
109 159
109 25
109 108
109 23
109 174
109 11
109 32
109 199
109 192
109 40
109 103
109 26
109 153
109 180
109 89
109 157
109 72
109 164
109 104
109 197
109 168
109 81
109 162
109 173
109 13
109 151
109 59
109 118
109 111
109 7
109 54
109 49
141 185
141 132
141 71
141 42
141 180
141 9
141 200
141 77
141 57
141 155
141 167
141 197
141 110
141 20
141 168
141 131
141 13
141 114
141 60
141 84
141 56
141 139
141 135
18 99
18 132
18 65
18 158
18 48
18 70
18 32
18 47
18 103
18 153
18 3
18 28
18 150
18 29
18 77
18 157
18 82
18 116
18 57
18 8
18 74
18 155
18 104
18 197
18 96
18 168
18 113
18 81
18 14
18 131
18 162
18 173
18 151
18 114
18 36
18 118
18 111
18 154
183 185
183 136
183 191
183 4
183 130
183 108
183 166
183 192
183 153
183 164
183 122
185 176
185 165
185 191
185 189
185 90
185 76
185 4
185 149
185 161
185 66
185 132
185 188
185 159
185 102
185 25
185 108
185 23
185 158
185 174
185 48
185 166
185 11
185 128
185 32
185 21
185 199
185 192
185 42
185 40
185 103
185 94
185 153
185 3
185 180
185 28
185 45
185 5
185 9
185 150
185 29
185 200
185 157
185 123
185 72
185 120
185 116
185 74
185 155
185 104
185 22
185 197
185 20
185 14
185 162
185 151
185 114
185 36
185 118
185 122
185 49
185 160
136 186
136 132
136 188
136 37
136 153
136 45
136 110
136 113
136 142
186 161
186 188
186 108
186 174
186 48
186 11
186 64
186 121
186 180
186 28
186 45
186 200
186 120
186 104
186 151
176 191
176 99
176 4
176 149
176 161
176 66
176 132
176 188
176 159
176 25
176 23
176 158
176 48
176 166
176 11
176 70
176 21
176 47
176 40
176 26
176 153
176 180
176 89
176 200
176 77
176 157
176 36
165 149
165 132
165 47
165 40
165 29
165 200
165 157
191 189
191 99
191 161
191 159
191 25
191 158
191 174
191 48
191 21
191 192
191 47
191 112
191 26
191 3
191 180
191 28
191 45
191 150
191 29
191 200
191 77
191 157
191 120
191 20
191 113
191 14
2 99
2 4
2 166
2 45
189 161
189 159
189 37
189 108
189 71
189 48
189 70
189 21
189 42
189 40
189 103
189 88
189 121
189 28
189 45
189 9
189 29
189 200
189 197
189 114
52 4
52 130
52 37
52 40
52 103
52 121
52 89
52 28
52 45
52 77
90 99
90 76
90 149
90 132
90 25
90 108
90 174
90 166
90 64
90 21
90 199
90 47
90 103
90 26
90 153
90 180
90 28
90 45
90 57
90 60
90 125
90 111
99 4
99 149
99 161
99 66
99 132
99 188
99 102
99 25
99 23
99 48
99 166
99 11
99 21
99 192
99 47
99 42
99 40
99 94
99 121
99 153
99 3
99 180
99 28
99 45
99 150
99 200
99 77
99 157
99 123
99 72
99 116
99 57
99 172
99 22
99 14
99 131
99 36
99 56
99 1
99 122
99 46
76 4
76 25
76 166
76 47
76 180
76 150
76 157
76 57
76 111
4 149
4 161
4 132
4 188
4 159
4 37
4 102
4 25
4 23
4 158
4 48
4 166
4 128
4 32
4 21
4 199
4 192
4 42
4 40
4 88
4 121
4 180
4 28
4 45
4 9
4 77
4 123
4 72
4 116
4 57
4 155
4 167
4 104
4 81
4 162
4 84
4 122
130 149
130 132
130 188
130 159
130 37
130 48
130 166
130 47
130 152
130 77
130 120
130 82
130 34
149 161
149 66
149 188
149 159
149 102
149 25
149 108
149 48
149 166
149 11
149 70
149 32
149 64
149 21
149 199
149 192
149 26
149 121
149 153
149 180
149 89
149 28
149 45
149 5
149 29
149 157
149 120
149 82
149 57
149 59
149 147
149 12
161 66
161 132
161 188
161 37
161 102
161 25
161 108
161 158
161 48
161 166
161 11
161 32
161 21
161 199
161 192
161 103
161 26
161 121
161 153
161 3
161 180
161 89
161 28
161 45
161 9
161 200
161 157
161 72
161 57
161 118
66 132
66 25
66 65
66 23
66 48
66 166
66 70
66 42
66 103
66 26
66 180
66 28
66 45
66 29
66 157
66 120
66 116
66 104
132 188
132 37
132 102
132 48
132 166
132 199
132 192
132 47
132 42
132 103
132 152
132 121
132 153
132 180
132 28
132 45
132 5
132 77
132 120
132 116
132 197
188 37
188 102
188 158
188 48
188 21
188 103
188 88
188 26
188 121
188 180
188 89
188 28
188 45
188 9
188 29
188 200
188 157
188 72
188 120
188 156
159 37
159 108
159 23
159 174
159 11
159 32
159 21
159 103
159 26
159 153
159 9
159 72
159 57
159 155
159 172
159 110
159 20
159 81
159 162
159 114
159 118
159 147
159 54
159 122
37 23
37 48
37 166
37 11
37 21
37 47
37 103
37 88
37 26
37 121
37 28
37 45
37 9
37 200
37 157
37 57
37 34
37 197
37 168
37 60
102 25
102 48
102 199
102 192
102 47
102 42
102 103
102 26
102 153
102 180
102 28
102 45
102 9
102 29
102 77
102 157
102 72
102 120
102 57
102 134
102 142
102 124
102 38
102 12
25 65
25 174
25 48
25 11
25 32
25 21
25 199
25 192
25 47
25 40
25 103
25 94
25 121
25 153
25 3
25 180
25 89
25 28
25 45
25 9
25 29
25 200
25 77
25 157
25 72
25 120
25 116
25 164
25 22
25 162
25 36
25 118
65 199
65 94
65 157
65 173
65 60
65 36
65 54
65 83
65 69
108 23
108 174
108 11
108 64
108 199
108 42
108 103
108 94
108 153
108 180
108 77
108 120
108 57
108 197
108 110
108 151
108 127
23 71
23 11
23 21
23 103
23 94
23 89
23 77
23 72
23 120
23 116
23 68
23 104
23 22
23 197
23 20
23 168
23 113
23 162
23 151
23 27
23 124
23 118
158 11
158 21
158 199
158 47
158 180
158 28
158 72
158 57
158 167
158 81
158 111
71 103
71 134
71 110
71 20
71 168
71 114
71 118
71 83
174 166
174 11
174 32
174 103
174 180
174 28
174 29
174 200
174 77
174 72
174 120
174 104
174 131
174 56
174 118
174 115
174 122
48 166
48 70
48 21
48 192
48 47
48 94
48 152
48 121
48 153
48 3
48 180
48 89
48 28
48 45
48 150
48 200
48 77
48 157
48 72
48 120
48 104
48 22
48 168
48 114
166 11
166 128
166 70
166 21
166 192
166 42
166 103
166 121
166 180
166 28
166 45
166 9
166 200
166 157
166 72
166 116
166 74
166 104
166 20
166 13
166 43
166 126
11 32
11 40
11 103
11 94
11 3
11 180
11 9
11 200
11 77
11 72
11 57
11 155
11 68
11 172
11 104
11 20
11 14
11 162
11 151
11 118
11 125
11 54
11 115
11 122
11 126
11 49
11 160
128 180
70 47
70 103
70 26
70 28
70 157
32 40
32 103
32 26
32 94
32 3
32 180
32 45
32 123
32 72
32 57
32 172
32 20
32 96
32 81
32 14
32 131
32 162
32 13
32 59
32 114
32 124
32 118
32 125
32 1
32 53
32 127
32 54
32 115
32 122
32 12
32 160
32 24
64 85
64 95
64 6
21 199
21 192
21 121
21 153
21 3
21 180
21 89
21 28
21 45
21 150
21 200
21 77
21 157
21 104
21 22
21 20
21 118
199 192
199 42
199 153
199 180
199 89
199 28
199 45
199 9
199 150
199 77
199 72
199 57
199 50
199 135
199 169
192 40
192 153
192 180
192 150
192 77
192 157
192 72
192 1
192 92
192 122
192 49
47 180
47 28
47 45
47 150
47 29
47 77
47 157
47 116
47 155
47 96
47 58
47 171
42 152
42 153
42 180
42 29
42 77
42 157
42 116
42 114
42 38
42 12
112 150
112 77
112 7
40 72
40 116
40 162
103 26
103 94
103 121
103 153
103 89
103 28
103 9
103 150
103 157
103 72
103 57
103 104
103 20
103 156
103 162
103 114
103 56
103 122
88 152
88 28
88 45
26 121
26 180
26 89
26 28
26 45
26 5
26 9
26 29
26 77
26 157
26 120
26 57
26 110
26 20
94 121
94 153
94 89
94 28
94 29
94 77
94 157
94 116
94 57
94 68
94 134
94 104
94 22
94 197
94 20
94 196
94 156
94 162
94 151
94 114
94 27
94 36
94 124
94 198
94 43
152 20
121 153
121 3
121 180
121 28
121 45
121 200
121 77
121 157
121 116
121 14
153 3
153 180
153 28
153 45
153 150
153 200
153 77
153 157
153 72
153 120
153 82
153 116
153 171
3 180
3 28
3 45
3 150
3 200
3 157
3 72
3 116
3 14
3 131
3 124
3 118
3 1
3 54
3 115
3 122
180 89
180 28
180 45
180 9
180 29
180 200
180 77
180 157
180 72
180 120
180 82
180 17
180 14
180 131
180 173
180 13
180 86
180 59
180 118
180 1
180 115
180 122
180 171
89 9
89 200
89 77
89 116
89 17
89 182
28 45
28 9
28 150
28 29
28 200
28 77
28 157
28 72
28 120
28 116
28 57
28 14
45 9
45 150
45 29
45 200
45 77
45 157
45 120
45 116
45 57
45 14
45 122
5 116
5 92
9 200
9 77
9 157
9 120
9 167
9 138
150 200
150 77
150 120
150 74
150 14
150 56
150 146
29 200
29 157
29 72
29 116
29 57
29 110
29 196
200 77
200 157
200 72
200 120
77 157
77 72
77 120
77 82
77 17
157 72
157 120
157 116
157 38
123 72
123 74
123 134
123 96
123 81
123 131
123 86
123 151
123 84
123 56
123 118
123 125
123 43
123 175
123 7
123 107
123 53
123 138
123 54
123 19
123 83
123 55
123 115
123 122
123 49
72 120
72 116
72 57
72 172
72 104
72 34
72 22
72 20
72 14
72 131
72 162
72 124
72 118
72 125
72 7
72 1
72 53
72 15
72 54
72 115
72 135
72 122
72 126
72 49
72 12
72 160
91 22
91 118
120 167
120 104
120 20
120 168
82 98
82 17
82 96
82 118
82 146
82 160
116 57
116 98
116 197
116 196
116 14
116 114
116 36
116 146
57 74
57 34
57 22
57 197
57 110
57 20
57 96
57 13
57 84
57 118
57 111
57 83
57 55
57 135
57 122
57 6
39 86
39 59
39 143
39 175
39 154
39 61
39 171
98 74
98 96
98 113
98 81
98 173
98 13
98 143
98 111
98 122
98 33
164 68
164 196
164 14
164 27
164 54
164 122
164 12
164 160
164 105
8 155
8 68
8 172
8 104
8 34
8 113
8 156
8 162
8 13
8 151
8 27
8 143
8 60
8 124
8 118
8 178
8 43
74 30
74 172
74 104
74 22
74 110
74 196
74 168
74 14
74 173
74 13
74 151
74 27
74 143
74 36
74 56
74 111
74 1
74 50
74 83
74 69
74 55
79 162
79 27
30 155
30 167
30 172
30 197
30 20
30 196
30 151
30 124
30 56
30 139
30 146
155 68
155 167
155 172
155 197
155 96
155 168
155 113
155 81
155 131
155 162
155 142
155 151
155 27
155 84
155 56
155 111
155 115
155 49
155 160
68 62
68 172
68 104
68 197
68 113
68 162
68 151
68 59
68 27
68 124
68 118
68 43
68 154
167 134
167 17
167 104
167 34
167 197
167 20
167 168
167 113
167 81
167 131
167 162
167 13
167 151
167 114
167 84
167 118
167 111
167 54
134 34
134 22
134 110
134 20
134 96
134 196
134 113
134 142
134 59
134 114
134 27
134 124
134 118
62 113
62 27
62 118
17 156
17 118
17 43
17 33
172 104
172 22
172 20
172 196
172 14
172 151
172 36
172 124
172 56
172 125
172 175
172 7
172 1
172 54
172 55
172 122
104 22
104 110
104 20
104 168
104 113
104 14
104 162
104 142
104 151
104 59
104 27
104 36
104 124
104 56
104 198
104 118
104 178
104 43
104 1
34 197
34 110
34 20
34 196
34 113
34 162
34 142
34 151
34 59
34 27
34 36
34 124
34 56
34 198
34 118
34 111
34 53
34 55
34 135
34 160
22 197
22 110
22 96
22 196
22 162
22 59
22 36
22 124
22 56
22 1
22 54
22 92
197 110
197 20
197 96
197 196
197 168
197 113
197 162
197 151
197 114
197 27
197 36
197 84
110 20
110 96
110 196
110 162
110 173
110 59
110 114
110 27
110 124
110 84
110 190
110 7
110 55
110 49
20 196
20 168
20 113
20 14
20 162
20 59
20 114
20 27
20 36
20 124
20 84
20 198
20 118
20 178
20 43
20 179
20 49
20 160
96 196
96 168
96 81
96 131
96 142
96 151
96 59
96 27
96 36
96 84
96 118
96 125
96 190
96 54
96 55
96 115
196 168
196 113
196 14
196 131
196 162
196 173
196 86
196 59
196 60
196 36
196 124
196 56
196 198
196 54
196 83
196 69
196 154
168 113
168 81
168 131
168 162
168 142
168 86
168 59
168 27
168 36
168 84
168 118
168 125
168 111
168 54
168 122
113 81
113 14
113 75
113 162
113 142
113 151
113 59
113 124
113 118
113 178
113 43
113 115
156 162
156 27
156 43
81 131
81 173
81 59
81 84
81 125
81 111
81 7
81 107
81 54
81 122
14 162
14 59
14 114
14 27
14 143
14 36
14 124
14 178
14 7
14 1
14 15
14 163
14 115
14 122
14 12
131 162
131 151
131 59
131 124
131 118
131 125
131 111
131 1
131 54
131 122
131 160
63 142
162 151
162 27
162 36
162 124
162 84
162 118
162 111
162 67
162 122
162 126
162 49
162 160
173 142
173 27
173 143
173 36
173 83
13 151
13 59
13 198
13 111
13 1
13 50
13 127
13 115
13 6
142 56
142 111
86 143
86 60
86 144
86 133
151 59
151 27
151 36
151 124
151 56
151 118
151 43
151 111
151 154
59 114
59 36
59 56
59 198
59 118
59 111
59 53
59 54
114 36
114 84
114 179
27 36
27 124
27 84
27 56
27 118
27 43
143 53
60 36
60 198
36 124
36 56
36 198
36 118
36 178
36 43
36 111
36 69
36 55
36 10
36 140
36 58
36 171
36 101
124 84
124 56
124 198
124 118
124 125
124 43
124 179
124 122
84 54
84 122
56 118
56 125
56 178
56 43
56 54
198 179
198 154
198 115
198 146
118 43
118 1
118 53
118 54
118 55
118 115
118 122
118 12
118 160
125 111
125 78
125 115
125 122
125 160
178 43
178 111
43 92
43 93
111 7
111 54
111 135
111 122
179 53
179 69
190 54
190 55
190 122
175 139
175 78
175 133
175 55
175 163
175 160
7 107
7 1
7 83
7 133
7 69
7 115
7 122
7 146
7 126
7 49
7 51
7 97
107 78
107 55
1 50
1 53
1 147
1 144
1 138
1 127
1 54
1 19
1 83
1 133
1 55
1 73
1 154
1 115
1 194
1 122
1 146
1 126
1 181
1 49
50 127
50 139
50 194
50 85
53 144
53 138
53 127
53 78
53 133
53 115
53 122
53 146
53 49
147 133
147 69
147 115
147 146
144 133
144 69
144 55
144 160
138 133
138 154
15 55
139 92
139 146
54 78
54 133
54 69
54 115
54 122
54 146
54 160
54 106
19 133
19 55
19 163
19 146
19 169
83 133
83 115
83 49
78 122
78 49
133 69
133 73
133 154
133 92
133 115
133 146
133 181
133 171
69 73
69 135
69 122
69 126
55 163
55 154
55 115
55 122
55 146
55 12
73 115
154 92
154 85
92 160
92 171
115 122
115 146
115 12
135 122
135 126
122 49
122 160
146 181
146 137
181 160
49 93
49 160
85 33
51 12
51 129
51 46
137 12
137 129
137 100
137 169
195 93
195 46
10 80
10 41
10 101
10 24
10 169
87 100
38 12
38 129
38 61
38 171
38 169
33 97
33 95
12 129
12 93
12 145
12 140
12 80
12 41
12 160
12 105
12 182
12 101
12 6
12 169
129 160
129 101
129 169
100 160
100 106
119 61
119 46
93 140
93 35
93 61
93 182
93 97
145 140
140 80
140 97
140 6
58 35
58 61
58 106
58 171
117 46
117 171
80 6
80 169
160 105
160 61
160 106
160 169
35 46
61 171
46 182
171 24
101 169
44 169
6 169
