200
11076
109 141
109 18
109 185
109 176
109 165
109 189
109 52
109 90
109 99
109 76
109 4
109 130
109 149
109 161
109 132
109 188
109 159
109 25
109 65
109 108
109 23
109 158
109 71
109 174
109 166
109 11
109 32
109 64
109 199
109 192
109 47
109 42
109 112
109 40
109 103
109 88
109 26
109 94
109 152
109 153
109 180
109 89
109 28
109 5
109 9
109 157
109 72
109 120
109 82
109 116
109 98
109 164
109 74
109 79
109 155
109 134
109 17
109 104
109 22
109 197
109 20
109 96
109 196
109 168
109 81
109 63
109 162
109 173
109 13
109 142
109 86
109 151
109 59
109 60
109 36
109 124
109 84
109 56
109 198
109 118
109 178
109 43
109 111
109 175
109 7
109 53
109 147
109 144
109 138
109 15
109 127
109 54
109 67
109 83
109 69
109 154
109 16
109 181
109 49
109 137
109 195
109 10
109 31
109 38
109 129
109 119
109 93
109 177
109 140
109 58
109 41
109 35
109 105
109 61
109 106
109 193
109 101
109 97
109 95
141 183
141 185
141 136
141 165
141 191
141 189
141 90
141 99
141 76
141 130
141 149
141 161
141 66
141 132
141 65
141 108
141 23
141 71
141 174
141 48
141 11
141 70
141 32
141 21
141 192
141 42
141 103
141 152
141 3
141 180
141 89
141 45
141 9
141 150
141 200
141 77
141 157
141 120
141 82
141 116
141 57
141 98
141 8
141 74
141 155
141 68
141 167
141 17
141 104
141 22
141 197
141 110
141 20
141 196
141 168
141 113
141 131
141 75
141 63
141 13
141 86
141 59
141 114
141 27
141 143
141 60
141 36
141 124
141 84
141 56
141 198
141 43
141 111
141 179
141 175
141 7
141 107
141 50
141 147
141 144
141 139
141 67
141 78
141 55
141 163
141 115
141 135
141 181
141 85
141 51
141 137
141 195
141 38
141 33
141 12
141 100
141 145
141 140
141 160
141 105
141 193
141 101
141 97
141 44
141 187
141 148
18 183
18 136
18 186
18 176
18 165
18 2
18 189
18 99
18 4
18 130
18 66
18 132
18 188
18 159
18 102
18 65
18 23
18 158
18 174
18 48
18 166
18 128
18 70
18 32
18 199
18 47
18 42
18 103
18 184
18 152
18 121
18 153
18 3
18 180
18 28
18 45
18 9
18 150
18 29
18 77
18 157
18 123
18 72
18 82
18 116
18 57
18 8
18 74
18 155
18 167
18 134
18 62
18 172
18 104
18 22
18 197
18 110
18 20
18 96
18 196
18 168
18 113
18 81
18 14
18 131
18 162
18 173
18 142
18 151
18 114
18 27
18 143
18 36
18 84
18 118
18 178
18 111
18 179
18 7
18 50
18 53
18 144
18 54
18 19
18 67
18 78
18 154
18 115
18 194
18 16
18 126
18 49
18 51
18 137
18 195
18 12
18 100
18 119
18 117
18 41
18 160
18 35
18 46
18 182
18 171
18 24
18 97
18 95
183 185
183 136
183 186
183 165
183 191
183 189
183 52
183 90
183 4
183 130
183 161
183 66
183 132
183 188
183 159
183 37
183 102
183 25
183 65
183 108
183 158
183 166
183 11
183 70
183 32
183 64
183 192
183 40
183 88
183 184
183 26
183 94
183 121
183 153
183 3
183 45
183 9
183 29
183 91
183 116
183 57
183 39
183 98
183 164
183 8
183 74
183 79
183 30
183 155
183 68
183 134
183 17
183 34
183 22
183 197
183 20
183 113
183 156
183 81
183 14
183 75
183 173
183 142
183 114
183 60
183 36
183 124
183 56
183 198
183 118
183 125
183 178
183 43
183 53
183 147
183 144
183 15
183 127
183 54
183 19
183 133
183 163
183 73
183 154
183 92
183 115
183 122
183 146
183 16
183 181
183 85
183 51
183 31
183 170
183 38
183 33
183 129
183 93
183 145
183 177
183 58
183 80
183 41
183 105
183 106
183 193
183 171
183 101
183 24
183 187
183 6
185 136
185 186
185 176
185 165
185 191
185 189
185 90
185 76
185 4
185 149
185 161
185 66
185 132
185 188
185 159
185 102
185 25
185 108
185 23
185 158
185 174
185 48
185 166
185 11
185 128
185 70
185 32
185 21
185 199
185 192
185 47
185 42
185 112
185 40
185 103
185 26
185 94
185 152
185 121
185 153
185 3
185 180
185 89
185 28
185 45
185 5
185 9
185 150
185 29
185 200
185 77
185 157
185 123
185 72
185 120
185 116
185 98
185 8
185 74
185 79
185 155
185 68
185 167
185 62
185 172
185 104
185 22
185 197
185 110
185 20
185 96
185 196
185 168
185 113
185 156
185 81
185 14
185 131
185 75
185 63
185 162
185 13
185 142
185 86
185 151
185 59
185 114
185 27
185 143
185 60
185 36
185 124
185 84
185 56
185 118
185 178
185 111
185 179
185 175
185 7
185 107
185 53
185 147
185 138
185 127
185 19
185 83
185 78
185 55
185 92
185 135
185 122
185 16
185 126
185 49
185 51
185 137
185 195
185 31
185 87
185 170
185 33
185 12
185 129
185 119
185 93
185 145
185 140
185 41
185 160
185 105
185 61
185 46
185 171
185 95
185 187
185 6
185 148
136 186
136 165
136 191
136 52
136 4
136 130
136 161
136 66
136 132
136 188
136 159
136 37
136 108
136 23
136 158
136 71
136 48
136 11
136 21
136 199
136 192
136 47
136 42
136 112
136 103
136 88
136 94
136 152
136 121
136 153
136 89
136 28
136 45
136 5
136 200
136 77
136 72
136 91
136 164
136 8
136 79
136 155
136 167
136 134
136 172
136 104
136 22
136 110
136 20
136 113
136 81
136 14
136 131
136 162
136 173
136 142
136 86
136 59
136 114
136 27
136 143
136 124
136 56
136 198
136 118
136 125
136 178
136 7
136 53
136 147
136 144
136 138
136 15
136 127
136 139
136 54
136 67
136 78
136 133
136 163
136 154
136 135
136 122
136 49
136 85
136 137
136 10
136 87
136 170
136 33
136 100
136 93
136 145
136 177
136 117
136 160
136 35
136 106
136 101
136 24
136 187
136 148
186 165
186 191
186 189
186 52
186 99
186 76
186 130
186 161
186 132
186 188
186 159
186 37
186 25
186 108
186 174
186 48
186 166
186 11
186 128
186 32
186 64
186 199
186 42
186 112
186 40
186 184
186 121
186 153
186 180
186 28
186 45
186 5
186 29
186 200
186 157
186 123
186 72
186 91
186 120
186 116
186 98
186 8
186 74
186 104
186 110
186 196
186 168
186 113
186 156
186 14
186 13
186 142
186 151
186 114
186 118
186 43
186 111
186 107
186 50
186 53
186 144
186 138
186 15
186 54
186 67
186 83
186 92
186 194
186 146
186 51
186 137
186 195
186 38
186 12
186 129
186 119
186 140
186 117
186 80
186 160
186 35
186 61
186 193
186 182
186 101
186 24
186 95
186 148
176 191
176 189
176 52
176 90
176 99
176 4
176 130
176 149
176 161
176 66
176 132
176 188
176 159
176 37
176 25
176 65
176 108
176 23
176 158
176 71
176 48
176 166
176 11
176 70
176 64
176 21
176 199
176 47
176 40
176 88
176 184
176 26
176 121
176 153
176 3
176 180
176 89
176 45
176 5
176 200
176 77
176 157
176 91
176 120
176 39
176 8
176 74
176 79
176 30
176 155
176 62
176 172
176 104
176 197
176 110
176 20
176 196
176 113
176 156
176 81
176 14
176 131
176 75
176 162
176 173
176 13
176 142
176 86
176 151
176 59
176 27
176 143
176 36
176 124
176 84
176 56
176 118
176 125
176 179
176 190
176 107
176 1
176 147
176 19
176 83
176 133
176 55
176 163
176 115
176 194
176 122
176 16
176 181
176 49
176 85
176 51
176 195
176 31
176 87
176 170
176 33
176 129
176 100
176 177
176 140
176 105
176 61
176 106
176 46
176 193
176 182
176 95
176 6
165 189
165 52
165 99
165 76
165 130
165 149
165 161
165 66
165 132
165 159
165 37
165 102
165 25
165 174
165 11
165 128
165 21
165 199
165 192
165 47
165 112
165 40
165 103
165 88
165 26
165 94
165 152
165 153
165 28
165 29
165 200
165 157
165 123
165 72
165 91
165 116
165 57
165 39
165 98
165 164
165 8
165 74
165 155
165 134
165 17
165 104
165 34
165 20
165 196
165 168
165 81
165 131
165 162
165 13
165 59
165 27
165 143
165 124
165 125
165 178
165 43
165 107
165 1
165 50
165 138
165 15
165 127
165 139
165 19
165 133
165 55
165 154
165 92
165 115
165 122
165 16
165 126
165 181
165 85
165 137
165 195
165 10
165 31
165 87
165 38
165 33
165 12
165 129
165 100
165 119
165 117
165 80
165 160
165 105
165 46
165 193
165 182
165 97
165 44
165 95
165 6
165 148
191 189
191 52
191 90
191 99
191 76
191 4
191 130
191 149
191 161
191 188
191 159
191 102
191 25
191 65
191 23
191 158
191 71
191 174
191 48
191 32
191 64
191 21
191 192
191 47
191 112
191 40
191 88
191 26
191 94
191 121
191 153
191 3
191 180
191 28
191 45
191 150
191 29
191 200
191 77
191 157
191 120
191 82
191 57
191 39
191 74
191 79
191 30
191 167
191 62
191 17
191 104
191 197
191 110
191 20
191 96
191 196
191 113
191 156
191 14
191 162
191 13
191 142
191 86
191 151
191 59
191 114
191 27
191 143
191 124
191 84
191 56
191 198
191 118
191 178
191 111
191 179
191 175
191 107
191 1
191 147
191 144
191 15
191 19
191 83
191 78
191 133
191 69
191 163
191 73
191 194
191 122
191 16
191 126
191 49
191 85
191 51
191 195
191 10
191 87
191 129
191 93
191 140
191 35
191 105
191 46
191 193
191 24
191 97
191 187
2 189
2 99
2 4
2 149
2 66
2 37
2 102
2 25
2 65
2 108
2 23
2 158
2 71
2 166
2 11
2 70
2 47
2 112
2 103
2 88
2 184
2 26
2 153
2 45
2 9
2 157
2 82
2 57
2 98
2 164
2 8
2 79
2 155
2 68
2 167
2 134
2 17
2 172
2 197
2 110
2 168
2 131
2 75
2 86
2 151
2 27
2 143
2 60
2 36
2 198
2 118
2 125
2 7
2 147
2 138
2 127
2 139
2 54
2 19
2 133
2 69
2 55
2 154
2 92
2 115
2 194
2 135
2 122
2 146
2 16
2 126
2 181
2 85
2 51
2 195
2 10
2 170
2 38
2 33
2 100
2 93
2 145
2 140
2 80
2 41
2 105
2 171
2 101
2 44
2 187
2 169
189 52
189 90
189 149
189 161
189 132
189 159
189 37
189 102
189 108
189 71
189 48
189 166
189 11
189 128
189 70
189 64
189 21
189 199
189 192
189 47
189 42
189 40
189 103
189 88
189 26
189 94
189 152
189 121
189 153
189 3
189 89
189 28
189 45
189 9
189 150
189 29
189 200
189 77
189 157
189 123
189 72
189 57
189 74
189 79
189 30
189 155
189 17
189 172
189 34
189 22
189 197
189 110
189 20
189 96
189 196
189 14
189 131
189 63
189 13
189 142
189 86
189 59
189 114
189 143
189 60
189 84
189 118
189 125
189 178
189 111
189 175
189 107
189 1
189 50
189 147
189 144
189 15
189 54
189 67
189 78
189 133
189 69
189 92
189 135
189 122
189 181
189 49
189 85
189 51
189 10
189 31
189 87
189 38
189 33
189 129
189 119
189 93
189 145
189 58
189 117
189 105
189 193
189 182
189 171
189 101
189 44
52 4
52 130
52 149
52 161
52 66
52 188
52 37
52 25
52 65
52 23
52 158
52 166
52 70
52 32
52 64
52 199
52 192
52 47
52 42
52 40
52 103
52 26
52 94
52 152
52 121
52 180
52 89
52 28
52 45
52 9
52 29
52 77
52 123
52 72
52 82
52 116
52 164
52 8
52 74
52 79
52 30
52 155
52 68
52 167
52 134
52 197
52 113
52 81
52 131
52 75
52 173
52 13
52 151
52 59
52 114
52 27
52 143
52 36
52 124
52 84
52 56
52 198
52 43
52 111
52 175
52 7
52 50
52 53
52 147
52 138
52 127
52 139
52 19
52 67
52 78
52 69
52 73
52 154
52 92
52 194
52 135
52 126
52 181
52 49
52 85
52 31
52 170
52 100
52 119
52 93
52 145
52 177
52 140
52 80
52 160
52 35
52 105
52 61
52 106
52 182
52 187
52 148
90 99
90 76
90 4
90 130
90 149
90 66
90 132
90 188
90 159
90 37
90 25
90 108
90 158
90 71
90 174
90 48
90 166
90 11
90 128
90 70
90 64
90 21
90 199
90 192
90 47
90 112
90 40
90 103
90 26
90 121
90 153
90 3
90 180
90 89
90 28
90 45
90 5
90 9
90 29
90 77
90 157
90 123
90 57
90 39
90 164
90 8
90 79
90 30
90 68
90 167
90 134
90 34
90 197
90 96
90 168
90 113
90 162
90 173
90 13
90 86
90 151
90 27
90 60
90 198
90 118
90 125
90 43
90 111
90 7
90 107
90 50
90 53
90 147
90 127
90 139
90 19
90 133
90 92
90 122
90 146
90 16
90 126
90 85
90 51
90 170
90 33
90 129
90 100
90 93
90 80
90 41
90 61
90 106
90 46
90 171
90 24
90 95
90 6
90 169
99 76
99 4
99 149
99 161
99 66
99 132
99 188
99 37
99 102
99 25
99 65
99 23
99 158
99 71
99 48
99 166
99 11
99 128
99 70
99 32
99 21
99 199
99 192
99 47
99 42
99 40
99 88
99 26
99 94
99 121
99 153
99 3
99 180
99 89
99 28
99 45
99 150
99 200
99 77
99 157
99 123
99 72
99 91
99 120
99 116
99 57
99 39
99 98
99 164
99 8
99 74
99 79
99 30
99 167
99 134
99 62
99 172
99 34
99 22
99 197
99 196
99 113
99 81
99 14
99 131
99 75
99 63
99 162
99 173
99 13
99 151
99 59
99 114
99 27
99 143
99 60
99 36
99 124
99 56
99 118
99 125
99 43
99 111
99 190
99 107
99 1
99 147
99 144
99 138
99 139
99 54
99 67
99 83
99 133
99 69
99 163
99 73
99 115
99 122
99 126
99 49
99 85
99 51
99 31
99 87
99 33
99 12
99 145
99 177
99 117
99 80
99 35
99 61
99 106
99 46
99 24
99 95
99 187
99 6
99 169
76 4
76 161
76 132
76 188
76 159
76 102
76 25
76 108
76 23
76 158
76 174
76 166
76 11
76 32
76 64
76 21
76 199
76 47
76 88
76 184
76 152
76 153
76 3
76 180
76 89
76 45
76 5
76 150
76 29
76 157
76 72
76 82
76 116
76 57
76 39
76 8
76 74
76 79
76 30
76 155
76 68
76 167
76 17
76 104
76 34
76 22
76 110
76 20
76 168
76 156
76 14
76 63
76 162
76 173
76 13
76 151
76 59
76 27
76 143
76 60
76 36
76 124
76 84
76 56
76 198
76 118
76 178
76 111
76 179
76 107
76 50
76 53
76 147
76 144
76 15
76 139
76 67
76 83
76 78
76 69
76 55
76 73
76 154
76 135
76 146
76 126
76 49
76 10
76 31
76 170
76 38
76 33
76 12
76 129
76 100
76 35
76 61
76 46
76 171
76 101
76 44
76 187
4 149
4 161
4 132
4 188
4 159
4 37
4 102
4 25
4 65
4 108
4 23
4 158
4 71
4 174
4 48
4 166
4 128
4 32
4 64
4 21
4 199
4 192
4 42
4 112
4 40
4 103
4 88
4 26
4 152
4 121
4 153
4 3
4 180
4 28
4 45
4 5
4 9
4 150
4 29
4 200
4 77
4 123
4 72
4 91
4 120
4 82
4 116
4 57
4 39
4 98
4 79
4 30
4 155
4 68
4 167
4 134
4 17
4 104
4 34
4 22
4 197
4 20
4 168
4 81
4 162
4 173
4 13
4 142
4 86
4 151
4 27
4 36
4 84
4 198
4 178
4 179
4 7
4 1
4 50
4 144
4 138
4 127
4 54
4 67
4 83
4 69
4 55
4 115
4 194
4 135
4 122
4 195
4 10
4 31
4 87
4 38
4 12
4 129
4 119
4 93
4 145
4 140
4 58
4 80
4 41
4 46
4 24
4 95
4 187
4 6
130 149
130 66
130 132
130 188
130 159
130 37
130 25
130 65
130 108
130 23
130 48
130 166
130 11
130 128
130 32
130 64
130 199
130 47
130 26
130 152
130 121
130 153
130 180
130 45
130 5
130 77
130 157
130 123
130 72
130 120
130 82
130 39
130 8
130 30
130 167
130 17
130 172
130 34
130 22
130 197
130 20
130 113
130 156
130 81
130 173
130 13
130 86
130 59
130 114
130 27
130 36
130 124
130 198
130 125
130 178
130 43
130 111
130 179
130 175
130 107
130 50
130 53
130 15
130 139
130 54
130 67
130 69
130 154
130 194
130 122
130 16
130 181
130 51
130 31
130 170
130 33
130 119
130 93
130 58
130 117
130 160
130 61
130 106
130 46
130 193
130 182
130 101
130 97
130 44
130 95
130 187
130 6
130 148
149 161
149 66
149 132
149 188
149 159
149 37
149 102
149 25
149 65
149 108
149 23
149 174
149 48
149 166
149 11
149 70
149 32
149 64
149 21
149 199
149 192
149 40
149 103
149 88
149 26
149 152
149 121
149 153
149 180
149 89
149 28
149 45
149 5
149 9
149 150
149 29
149 77
149 157
149 91
149 120
149 82
149 116
149 57
149 39
149 164
149 8
149 155
149 62
149 172
149 104
149 22
149 110
149 20
149 96
149 168
149 113
149 156
149 14
149 131
149 75
149 162
149 173
149 13
149 86
149 151
149 59
149 143
149 60
149 36
149 198
149 125
149 43
149 179
149 190
149 1
149 50
149 147
149 127
149 139
149 54
149 19
149 83
149 73
149 154
149 92
149 115
149 194
149 122
149 146
149 16
149 181
149 49
149 51
149 195
149 10
149 31
149 87
149 38
149 12
149 100
149 145
149 140
149 117
149 80
149 41
149 35
149 61
149 46
149 182
149 101
149 44
149 187
161 66
161 132
161 188
161 159
161 37
161 102
161 25
161 108
161 158
161 48
161 166
161 11
161 32
161 21
161 199
161 192
161 42
161 112
161 40
161 103
161 184
161 26
161 152
161 121
161 153
161 3
161 180
161 89
161 28
161 45
161 5
161 9
161 150
161 29
161 200
161 77
161 157
161 123
161 72
161 91
161 57
161 39
161 98
161 164
161 74
161 79
161 68
161 167
161 134
161 172
161 104
161 22
161 96
161 168
161 156
161 81
161 162
161 59
161 27
161 36
161 84
161 56
161 198
161 118
161 178
161 111
161 179
161 7
161 107
161 53
161 54
161 67
161 55
161 163
161 92
161 194
161 122
161 49
161 85
161 137
161 195
161 10
161 31
161 170
161 38
161 12
161 100
161 119
161 93
161 145
161 140
161 58
161 117
161 80
161 160
161 105
161 61
161 106
161 193
161 182
161 171
161 24
161 44
161 187
161 6
161 148
66 132
66 102
66 25
66 65
66 108
66 23
66 158
66 71
66 174
66 48
66 166
66 70
66 64
66 192
66 47
66 42
66 103
66 184
66 26
66 94
66 152
66 121
66 153
66 180
66 28
66 45
66 5
66 150
66 29
66 200
66 157
66 120
66 116
66 57
66 164
66 8
66 74
66 79
66 30
66 155
66 134
66 62
66 17
66 172
66 104
66 34
66 22
66 96
66 196
66 81
66 14
66 131
66 75
66 162
66 173
66 13
66 86
66 27
66 143
66 60
66 84
66 198
66 125
66 43
66 190
66 7
66 50
66 53
66 138
66 15
66 127
66 19
66 67
66 83
66 78
66 133
66 73
66 92
66 181
66 49
66 85
66 51
66 10
66 170
66 38
66 33
66 119
66 145
66 117
66 80
66 41
66 35
66 105
66 46
66 101
66 24
66 97
66 44
66 187
66 6
132 188
132 159
132 37
132 102
132 65
132 23
132 158
132 71
132 48
132 166
132 199
132 192
132 47
132 42
132 103
132 88
132 152
132 121
132 153
132 3
132 180
132 89
132 28
132 45
132 5
132 9
132 150
132 29
132 200
132 77
132 123
132 91
132 120
132 82
132 116
132 98
132 164
132 74
132 79
132 155
132 68
132 134
132 17
132 22
132 197
132 110
132 20
132 168
132 113
132 81
132 14
132 86
132 151
132 59
132 114
132 27
132 60
132 84
132 198
132 178
132 190
132 175
132 1
132 53
132 144
132 54
132 78
132 133
132 92
132 115
132 194
132 122
132 16
132 181
132 137
132 195
132 129
132 100
132 93
132 145
132 58
132 80
132 160
132 35
132 105
132 46
132 193
132 182
132 101
132 24
132 6
132 148
132 169
188 37
188 102
188 108
188 23
188 158
188 174
188 48
188 166
188 11
188 70
188 32
188 64
188 21
188 192
188 47
188 112
188 40
188 103
188 88
188 26
188 152
188 121
188 153
188 3
188 180
188 89
188 28
188 45
188 5
188 9
188 29
188 200
188 77
188 157
188 123
188 72
188 91
188 120
188 82
188 116
188 39
188 98
188 164
188 8
188 68
188 167
188 134
188 104
188 96
188 196
188 168
188 156
188 131
188 75
188 63
188 162
188 142
188 59
188 114
188 27
188 143
188 198
188 118
188 125
188 111
188 175
188 1
188 50
188 147
188 138
188 127
188 139
188 67
188 83
188 69
188 55
188 73
188 92
188 115
188 135
188 122
188 16
188 181
188 195
188 31
188 38
188 12
188 100
188 93
188 80
188 105
188 61
188 193
188 182
188 171
188 101
188 24
188 97
188 44
188 95
188 169
159 37
159 108
159 23
159 158
159 71
159 174
159 166
159 11
159 128
159 32
159 64
159 21
159 192
159 47
159 42
159 112
159 40
159 103
159 88
159 26
159 152
159 121
159 153
159 3
159 180
159 28
159 9
159 150
159 77
159 123
159 72
159 91
159 57
159 164
159 8
159 74
159 79
159 30
159 155
159 68
159 167
159 62
159 172
159 104
159 34
159 22
159 110
159 20
159 96
159 196
159 156
159 81
159 131
159 75
159 162
159 13
159 142
159 86
159 114
159 60
159 36
159 124
159 118
159 125
159 178
159 43
159 111
159 190
159 175
159 7
159 147
159 144
159 127
159 139
159 54
159 19
159 67
159 83
159 163
159 154
159 194
159 135
159 122
159 146
159 126
159 181
159 49
159 85
159 51
159 137
159 31
159 87
159 170
159 33
159 119
159 41
159 160
159 35
159 106
159 46
159 193
159 171
159 24
159 97
159 44
159 95
159 148
159 169
37 102
37 25
37 108
37 23
37 71
37 48
37 166
37 11
37 32
37 21
37 199
37 192
37 47
37 42
37 112
37 103
37 88
37 184
37 26
37 152
37 121
37 3
37 180
37 89
37 28
37 45
37 5
37 9
37 200
37 157
37 123
37 91
37 116
37 57
37 98
37 8
37 79
37 30
37 68
37 167
37 134
37 17
37 172
37 34
37 22
37 197
37 110
37 20
37 96
37 196
37 168
37 113
37 81
37 14
37 131
37 162
37 142
37 151
37 59
37 27
37 60
37 84
37 125
37 178
37 190
37 175
37 7
37 107
37 50
37 53
37 19
37 67
37 78
37 69
37 73
37 154
37 146
37 126
37 51
37 137
37 170
37 129
37 100
37 119
37 93
37 145
37 140
37 80
37 35
37 105
37 106
37 193
37 171
37 24
37 97
37 95
37 6
37 169
102 25
102 108
102 71
102 174
102 48
102 128
102 32
102 64
102 199
102 192
102 47
102 42
102 40
102 103
102 184
102 26
102 121
102 153
102 3
102 180
102 28
102 45
102 9
102 150
102 29
102 200
102 77
102 157
102 123
102 72
102 120
102 116
102 57
102 39
102 98
102 8
102 74
102 79
102 68
102 134
102 62
102 34
102 22
102 20
102 113
102 131
102 63
102 162
102 142
102 86
102 114
102 27
102 143
102 60
102 124
102 118
102 178
102 43
102 111
102 179
102 107
102 1
102 147
102 144
102 138
102 127
102 139
102 54
102 55
102 92
102 115
102 135
102 16
102 126
102 181
102 49
102 51
102 137
102 38
102 33
102 12
102 129
102 100
102 145
102 140
102 117
102 160
102 61
102 106
102 182
102 101
102 24
102 44
102 6
102 148
25 65
25 108
25 71
25 174
25 48
25 11
25 32
25 64
25 21
25 199
25 192
25 47
25 40
25 103
25 88
25 26
25 94
25 152
25 121
25 153
25 3
25 180
25 89
25 28
25 45
25 9
25 29
25 200
25 77
25 157
25 72
25 120
25 82
25 116
25 57
25 39
25 164
25 8
25 74
25 79
25 68
25 167
25 134
25 62
25 104
25 34
25 22
25 110
25 20
25 96
25 168
25 156
25 162
25 86
25 151
25 36
25 198
25 118
25 179
25 190
25 175
25 107
25 50
25 53
25 147
25 144
25 15
25 139
25 19
25 78
25 133
25 69
25 163
25 92
25 146
25 16
25 49
25 85
25 137
25 31
25 170
25 38
25 33
25 129
25 100
25 177
25 58
25 117
25 80
25 105
25 61
25 171
25 101
25 24
25 97
25 44
25 95
25 169
65 108
65 23
65 158
65 48
65 166
65 11
65 128
65 70
65 32
65 64
65 199
65 192
65 47
65 42
65 103
65 184
65 26
65 94
65 89
65 5
65 9
65 150
65 29
65 200
65 157
65 123
65 72
65 91
65 120
65 57
65 39
65 8
65 74
65 167
65 62
65 104
65 34
65 110
65 96
65 81
65 75
65 63
65 162
65 173
65 13
65 59
65 60
65 36
65 84
65 198
65 118
65 43
65 179
65 107
65 50
65 53
65 147
65 138
65 15
65 139
65 54
65 67
65 83
65 69
65 55
65 73
65 154
65 92
65 135
65 122
65 146
65 181
65 49
65 85
65 137
65 195
65 87
65 38
65 33
65 119
65 93
65 145
65 177
65 140
65 80
65 41
65 35
65 105
65 171
65 101
65 24
65 44
65 187
65 6
65 148
65 169
108 23
108 71
108 174
108 11
108 128
108 64
108 21
108 199
108 192
108 47
108 42
108 112
108 40
108 103
108 88
108 184
108 26
108 94
108 152
108 153
108 3
108 180
108 200
108 77
108 123
108 120
108 116
108 57
108 8
108 79
108 30
108 68
108 167
108 17
108 22
108 197
108 110
108 20
108 96
108 196
108 81
108 63
108 162
108 142
108 86
108 151
108 114
108 60
108 84
108 56
108 125
108 178
108 179
108 190
108 175
108 107
108 53
108 147
108 138
108 127
108 139
108 78
108 55
108 163
108 73
108 115
108 122
108 137
108 195
108 10
108 31
108 38
108 129
108 119
108 145
108 177
108 58
108 117
108 80
108 41
108 160
108 35
108 105
108 61
108 46
108 193
108 24
108 97
108 95
108 187
108 169
23 71
23 166
23 11
23 128
23 64
23 21
23 192
23 112
23 40
23 103
23 88
23 184
23 26
23 94
23 152
23 153
23 3
23 180
23 89
23 28
23 5
23 9
23 150
23 29
23 77
23 123
23 72
23 91
23 120
23 116
23 39
23 68
23 134
23 62
23 172
23 104
23 34
23 22
23 197
23 20
23 196
23 168
23 113
23 156
23 14
23 162
23 142
23 151
23 59
23 27
23 124
23 56
23 198
23 118
23 125
23 179
23 7
23 1
23 50
23 144
23 138
23 127
23 139
23 69
23 163
23 92
23 115
23 194
23 122
23 16
23 126
23 49
23 51
23 10
23 31
23 170
23 38
23 33
23 12
23 129
23 145
23 177
23 140
23 58
23 117
23 80
23 160
23 105
23 61
23 106
23 46
23 101
23 24
23 44
23 6
158 48
158 11
158 70
158 64
158 21
158 199
158 192
158 47
158 42
158 112
158 184
158 152
158 121
158 3
158 180
158 28
158 45
158 5
158 9
158 29
158 200
158 77
158 157
158 72
158 91
158 57
158 39
158 8
158 74
158 79
158 30
158 167
158 134
158 17
158 172
158 104
158 34
158 110
158 96
158 196
158 168
158 113
158 81
158 14
158 75
158 173
158 13
158 142
158 151
158 59
158 114
158 27
158 60
158 118
158 125
158 43
158 111
158 179
158 175
158 7
158 107
158 50
158 53
158 83
158 55
158 163
158 154
158 135
158 122
158 126
158 49
158 85
158 137
158 38
158 12
158 100
158 93
158 41
158 105
158 106
158 46
158 193
158 171
158 95
158 187
158 6
71 174
71 48
71 11
71 128
71 70
71 32
71 199
71 112
71 40
71 103
71 88
71 184
71 26
71 152
71 3
71 180
71 89
71 28
71 45
71 29
71 200
71 77
71 157
71 120
71 116
71 57
71 98
71 8
71 79
71 30
71 68
71 167
71 134
71 62
71 17
71 104
71 34
71 110
71 20
71 168
71 156
71 14
71 63
71 162
71 173
71 142
71 114
71 27
71 60
71 36
71 124
71 56
71 198
71 118
71 178
71 43
71 111
71 190
71 175
71 1
71 50
71 138
71 127
71 54
71 67
71 83
71 78
71 133
71 69
71 163
71 73
71 92
71 115
71 122
71 126
71 49
71 85
71 51
71 137
71 10
71 87
71 170
71 38
71 33
71 12
71 93
71 177
71 140
71 58
71 117
71 41
71 35
71 105
71 61
71 106
71 46
71 182
71 171
71 101
71 97
71 95
71 187
71 6
174 48
174 166
174 11
174 128
174 70
174 32
174 21
174 199
174 42
174 112
174 103
174 88
174 184
174 94
174 121
174 180
174 89
174 28
174 5
174 150
174 29
174 200
174 77
174 72
174 91
174 120
174 82
174 57
174 98
174 164
174 74
174 30
174 62
174 17
174 172
174 104
174 22
174 197
174 110
174 20
174 96
174 196
174 168
174 113
174 81
174 131
174 75
174 63
174 162
174 13
174 86
174 151
174 114
174 60
174 56
174 118
174 125
174 43
174 111
174 175
174 107
174 1
174 50
174 53
174 138
174 15
174 54
174 67
174 133
174 163
174 154
174 115
174 194
174 135
174 122
174 16
174 181
174 49
174 85
174 51
174 137
174 195
174 31
174 87
174 170
174 100
174 119
174 93
174 145
174 80
174 35
174 105
174 61
174 46
174 193
174 171
174 101
174 97
174 148
174 169
48 166
48 128
48 70
48 21
48 192
48 47
48 112
48 103
48 88
48 184
48 26
48 94
48 152
48 121
48 153
48 3
48 180
48 89
48 28
48 45
48 5
48 150
48 200
48 77
48 157
48 72
48 91
48 120
48 116
48 98
48 74
48 167
48 172
48 104
48 34
48 22
48 197
48 96
48 168
48 162
48 173
48 13
48 142
48 59
48 114
48 27
48 124
48 56
48 198
48 125
48 111
48 7
48 107
48 1
48 53
48 144
48 138
48 139
48 67
48 78
48 133
48 55
48 115
48 194
48 135
48 126
48 85
48 137
48 10
48 12
48 100
48 93
48 140
48 58
48 41
48 35
48 105
48 61
48 193
48 182
48 171
48 101
48 97
48 95
48 6
48 148
166 11
166 128
166 70
166 32
166 64
166 21
166 199
166 192
166 47
166 42
166 112
166 103
166 184
166 26
166 94
166 121
166 153
166 180
166 28
166 45
166 5
166 9
166 29
166 200
166 77
166 157
166 72
166 91
166 116
166 57
166 39
166 164
166 74
166 79
166 134
166 104
166 34
166 197
166 20
166 196
166 113
166 156
166 131
166 75
166 63
166 162
166 173
166 13
166 142
166 59
166 84
166 125
166 178
166 43
166 111
166 179
166 190
166 107
166 50
166 53
166 127
166 139
166 54
166 67
166 83
166 78
166 133
166 69
166 163
166 73
166 154
166 92
166 194
166 126
166 181
166 49
166 85
166 51
166 137
166 195
166 129
166 93
166 145
166 177
166 140
166 58
166 117
166 80
166 35
166 105
166 106
166 46
166 171
166 24
166 97
166 44
166 6
166 148
11 128
11 32
11 64
11 21
11 199
11 192
11 47
11 40
11 103
11 88
11 184
11 94
11 152
11 153
11 3
11 180
11 89
11 28
11 5
11 9
11 150
11 29
11 200
11 77
11 72
11 91
11 82
11 116
11 57
11 74
11 30
11 155
11 68
11 167
11 134
11 17
11 172
11 104
11 34
11 197
11 110
11 20
11 96
11 196
11 168
11 156
11 81
11 14
11 75
11 63
11 162
11 173
11 13
11 86
11 151
11 114
11 143
11 60
11 36
11 124
11 84
11 198
11 118
11 125
11 178
11 43
11 190
11 7
11 107
11 53
11 147
11 144
11 127
11 139
11 54
11 19
11 67
11 83
11 55
11 163
11 73
11 115
11 135
11 122
11 16
11 126
11 49
11 51
11 137
11 10
11 87
11 38
11 33
11 100
11 119
11 140
11 58
11 117
11 160
11 35
11 106
11 46
11 193
11 171
11 101
11 24
11 44
11 187
128 32
128 64
128 199
128 47
128 112
128 26
128 153
128 3
128 180
128 28
128 150
128 29
128 77
128 123
128 120
128 57
128 39
128 164
128 30
128 68
128 167
128 134
128 62
128 17
128 104
128 34
128 22
128 197
128 96
128 196
128 81
128 14
128 131
128 63
128 162
128 173
128 13
128 151
128 59
128 114
128 27
128 143
128 36
128 124
128 56
128 118
128 43
128 190
128 175
128 107
128 1
128 147
128 54
128 67
128 69
128 73
128 92
128 115
128 135
128 122
128 126
128 181
128 85
128 137
128 195
128 10
128 38
128 12
128 129
128 100
128 119
128 145
128 177
128 58
128 35
128 105
128 61
128 193
128 171
128 97
128 44
128 95
128 187
128 6
128 169
70 199
70 192
70 47
70 42
70 112
70 40
70 103
70 88
70 184
70 26
70 94
70 121
70 3
70 28
70 45
70 5
70 200
70 157
70 123
70 120
70 82
70 116
70 57
70 164
70 8
70 30
70 68
70 134
70 62
70 172
70 104
70 22
70 197
70 110
70 20
70 96
70 168
70 113
70 156
70 81
70 14
70 75
70 63
70 142
70 86
70 151
70 59
70 27
70 143
70 60
70 36
70 84
70 56
70 198
70 118
70 179
70 190
70 175
70 7
70 53
70 147
70 144
70 138
70 15
70 127
70 78
70 133
70 163
70 73
70 194
70 135
70 122
70 126
70 49
70 51
70 195
70 10
70 31
70 170
70 38
70 33
70 119
70 145
70 140
70 58
70 80
70 41
70 61
70 171
70 101
70 95
70 187
70 6
70 148
32 64
32 21
32 47
32 42
32 112
32 40
32 103
32 26
32 94
32 152
32 153
32 3
32 180
32 89
32 45
32 5
32 9
32 150
32 29
32 77
32 157
32 123
32 72
32 91
32 82
32 57
32 98
32 68
32 167
32 134
32 62
32 172
32 104
32 22
32 197
32 20
32 96
32 168
32 113
32 81
32 14
32 131
32 75
32 162
32 13
32 86
32 151
32 59
32 114
32 27
32 36
32 124
32 198
32 118
32 125
32 43
32 190
32 175
32 107
32 1
32 53
32 144
32 138
32 127
32 54
32 19
32 83
32 78
32 133
32 69
32 55
32 73
32 115
32 194
32 122
32 146
32 16
32 181
32 49
32 137
32 195
32 10
32 170
32 12
32 93
32 58
32 80
32 41
32 160
32 35
32 105
32 61
32 46
32 182
32 171
32 101
32 24
32 97
32 44
32 6
32 169
64 21
64 192
64 112
64 103
64 88
64 26
64 152
64 121
64 153
64 3
64 180
64 29
64 200
64 77
64 157
64 72
64 91
64 120
64 82
64 57
64 39
64 98
64 8
64 79
64 30
64 155
64 68
64 167
64 134
64 172
64 22
64 110
64 20
64 96
64 168
64 113
64 14
64 63
64 162
64 13
64 142
64 86
64 151
64 59
64 124
64 118
64 125
64 178
64 43
64 111
64 175
64 1
64 54
64 19
64 67
64 78
64 133
64 69
64 154
64 92
64 115
64 194
64 146
64 16
64 126
64 49
64 85
64 137
64 195
64 10
64 31
64 87
64 170
64 12
64 129
64 100
64 93
64 140
64 58
64 117
64 41
64 160
64 105
64 193
64 24
64 44
64 95
64 187
64 6
64 148
64 169
21 199
21 192
21 40
21 103
21 184
21 94
21 152
21 121
21 153
21 3
21 180
21 89
21 28
21 45
21 9
21 150
21 200
21 77
21 157
21 123
21 120
21 82
21 98
21 74
21 79
21 68
21 167
21 134
21 62
21 17
21 172
21 104
21 34
21 22
21 197
21 110
21 20
21 96
21 196
21 168
21 113
21 81
21 131
21 63
21 173
21 13
21 142
21 114
21 36
21 124
21 84
21 56
21 118
21 178
21 43
21 111
21 179
21 190
21 1
21 53
21 139
21 54
21 19
21 67
21 78
21 133
21 69
21 55
21 163
21 135
21 122
21 146
21 16
21 181
21 137
21 195
21 87
21 170
21 33
21 12
21 129
21 100
21 119
21 93
21 58
21 117
21 160
21 105
21 61
21 182
21 101
21 24
21 97
21 44
21 187
199 192
199 47
199 42
199 40
199 184
199 152
199 153
199 3
199 180
199 89
199 28
199 45
199 9
199 150
199 200
199 77
199 157
199 72
199 91
199 57
199 79
199 22
199 197
199 20
199 196
199 113
199 14
199 131
199 75
199 162
199 173
199 13
199 114
199 27
199 143
199 124
199 84
199 118
199 43
199 190
199 7
199 1
199 50
199 53
199 144
199 138
199 15
199 127
199 83
199 78
199 55
199 154
199 115
199 135
199 126
199 49
199 51
199 137
199 10
199 31
199 87
199 33
199 129
199 100
199 119
199 145
199 140
199 58
199 117
199 41
199 160
199 35
199 105
199 61
199 106
199 193
199 182
199 101
199 24
199 44
199 187
199 6
199 169
192 47
192 40
192 184
192 26
192 152
192 153
192 3
192 180
192 89
192 45
192 9
192 150
192 29
192 200
192 77
192 157
192 72
192 91
192 120
192 82
192 116
192 8
192 155
192 172
192 104
192 20
192 96
192 113
192 156
192 81
192 14
192 131
192 75
192 63
192 162
192 173
192 142
192 59
192 114
192 143
192 36
192 124
192 198
192 111
192 175
192 7
192 1
192 147
192 15
192 127
192 139
192 54
192 67
192 83
192 133
192 69
192 73
192 154
192 92
192 135
192 122
192 126
192 49
192 51
192 195
192 31
192 87
192 170
192 100
192 177
192 58
192 80
192 105
192 61
192 182
192 171
192 101
192 24
192 97
192 44
192 95
192 187
192 148
47 42
47 103
47 88
47 184
47 94
47 152
47 121
47 180
47 89
47 28
47 45
47 5
47 150
47 29
47 200
47 77
47 157
47 123
47 91
47 116
47 98
47 164
47 8
47 30
47 155
47 68
47 134
47 17
47 172
47 197
47 20
47 96
47 63
47 162
47 173
47 13
47 59
47 27
47 143
47 198
47 125
47 178
47 179
47 190
47 1
47 53
47 147
47 138
47 15
47 127
47 54
47 67
47 83
47 78
47 133
47 55
47 154
47 92
47 115
47 122
47 146
47 16
47 126
47 181
47 49
47 85
47 137
47 129
47 119
47 145
47 177
47 140
47 58
47 117
47 160
47 105
47 193
47 171
47 101
47 24
47 44
47 95
47 6
47 169
42 40
42 103
42 88
42 94
42 152
42 121
42 153
42 180
42 89
42 5
42 9
42 150
42 29
42 77
42 157
42 72
42 91
42 120
42 116
42 57
42 39
42 8
42 30
42 155
42 134
42 17
42 172
42 104
42 96
42 196
42 81
42 14
42 131
42 75
42 162
42 173
42 13
42 151
42 114
42 27
42 143
42 36
42 124
42 84
42 56
42 198
42 118
42 125
42 43
42 190
42 175
42 147
42 138
42 127
42 139
42 83
42 133
42 69
42 163
42 73
42 154
42 92
42 115
42 135
42 122
42 146
42 126
42 181
42 49
42 51
42 137
42 10
42 31
42 38
42 33
42 12
42 93
42 117
42 80
42 41
42 105
42 106
42 193
42 101
42 97
42 6
42 148
112 40
112 26
112 94
112 180
112 45
112 5
112 150
112 200
112 77
112 157
112 116
112 57
112 98
112 8
112 74
112 79
112 30
112 155
112 134
112 172
112 104
112 34
112 22
112 96
112 196
112 113
112 156
112 81
112 14
112 75
112 173
112 13
112 86
112 151
112 59
112 27
112 143
112 84
112 198
112 118
112 178
112 43
112 111
112 190
112 175
112 7
112 107
112 1
112 147
112 138
112 54
112 67
112 83
112 78
112 69
112 55
112 163
112 154
112 92
112 146
112 126
112 181
112 49
112 85
112 51
112 195
112 87
112 38
112 12
112 129
112 93
112 58
112 80
112 193
112 101
112 24
112 97
112 95
112 6
112 169
40 103
40 88
40 152
40 153
40 180
40 28
40 45
40 5
40 9
40 150
40 77
40 72
40 91
40 82
40 116
40 57
40 98
40 74
40 68
40 167
40 134
40 22
40 110
40 20
40 96
40 196
40 168
40 131
40 162
40 13
40 142
40 151
40 59
40 114
40 27
40 143
40 56
40 198
40 125
40 178
40 190
40 15
40 54
40 67
40 78
40 69
40 163
40 73
40 154
40 194
40 122
40 146
40 16
40 126
40 181
40 49
40 85
40 51
40 137
40 195
40 10
40 87
40 170
40 129
40 100
40 119
40 93
40 145
40 177
40 80
40 41
40 101
40 24
40 95
40 187
40 6
40 148
40 169
103 88
103 26
103 94
103 152
103 121
103 153
103 89
103 28
103 9
103 150
103 29
103 200
103 77
103 157
103 72
103 91
103 57
103 39
103 98
103 8
103 30
103 167
103 62
103 104
103 34
103 20
103 96
103 196
103 168
103 156
103 131
103 75
103 162
103 173
103 142
103 151
103 59
103 114
103 60
103 36
103 124
103 84
103 56
103 43
103 179
103 175
103 107
103 1
103 144
103 138
103 127
103 139
103 19
103 67
103 83
103 78
103 133
103 69
103 163
103 73
103 154
103 92
103 115
103 122
103 16
103 126
103 49
103 85
103 51
103 195
103 10
103 87
103 38
103 33
103 12
103 93
103 145
103 177
103 117
103 80
103 160
103 105
103 61
103 106
103 182
103 171
103 24
103 95
103 187
103 6
88 184
88 94
88 152
88 180
88 28
88 45
88 5
88 9
88 150
88 200
88 157
88 123
88 72
88 91
88 57
88 39
88 98
88 79
88 68
88 167
88 110
88 20
88 96
88 196
88 113
88 156
88 81
88 14
88 131
88 75
88 13
88 142
88 59
88 27
88 143
88 36
88 124
88 84
88 118
88 178
88 111
88 179
88 175
88 7
88 50
88 53
88 147
88 144
88 138
88 139
88 19
88 83
88 78
88 69
88 55
88 163
88 115
88 194
88 122
88 126
88 181
88 85
88 51
88 137
88 195
88 10
88 31
88 87
88 170
88 33
88 12
88 129
88 93
88 140
88 41
88 160
88 61
88 106
88 193
88 171
88 24
88 97
88 44
88 6
88 148
184 121
184 153
184 3
184 5
184 9
184 150
184 123
184 91
184 120
184 82
184 8
184 79
184 155
184 167
184 134
184 62
184 17
184 172
184 34
184 22
184 20
184 96
184 131
184 75
184 86
184 143
184 60
184 43
184 175
184 7
184 53
184 147
184 15
184 139
184 54
184 78
184 133
184 69
184 92
184 115
184 135
184 146
184 126
184 181
184 51
184 137
184 31
184 38
184 93
184 145
184 177
184 140
184 41
184 35
184 61
184 106
184 46
184 193
184 182
184 101
184 24
184 97
184 187
26 94
26 121
26 153
26 180
26 89
26 28
26 45
26 5
26 9
26 29
26 200
26 77
26 157
26 72
26 120
26 57
26 8
26 79
26 155
26 68
26 167
26 134
26 62
26 17
26 34
26 22
26 197
26 110
26 20
26 196
26 168
26 156
26 14
26 63
26 162
26 59
26 114
26 125
26 178
26 179
26 190
26 175
26 7
26 107
26 53
26 147
26 15
26 139
26 67
26 78
26 133
26 55
26 163
26 73
26 135
26 122
26 146
26 16
26 49
26 51
26 137
26 195
26 10
26 38
26 33
26 100
26 119
26 93
26 145
26 117
26 80
26 160
26 35
26 105
26 61
26 46
26 101
26 24
26 97
26 95
26 169
94 152
94 121
94 153
94 89
94 28
94 150
94 29
94 200
94 77
94 157
94 72
94 91
94 120
94 116
94 57
94 98
94 164
94 8
94 155
94 68
94 167
94 134
94 17
94 172
94 104
94 22
94 197
94 20
94 96
94 196
94 113
94 156
94 81
94 14
94 75
94 162
94 173
94 13
94 142
94 86
94 151
94 59
94 114
94 27
94 143
94 36
94 124
94 84
94 56
94 198
94 43
94 190
94 107
94 50
94 53
94 138
94 127
94 139
94 19
94 163
94 92
94 135
94 122
94 181
94 85
94 51
94 137
94 195
94 10
94 87
94 170
94 38
94 33
94 129
94 93
94 145
94 177
94 41
94 160
94 35
94 106
94 171
94 101
94 24
94 97
94 44
94 95
94 187
152 3
152 180
152 29
152 77
152 72
152 91
152 57
152 39
152 98
152 164
152 74
152 79
152 134
152 62
152 197
152 110
152 20
152 196
152 156
152 14
152 131
152 162
152 173
152 142
152 86
152 114
152 27
152 60
152 36
152 56
152 125
152 178
152 43
152 111
152 179
152 175
152 1
152 53
152 147
152 138
152 127
152 19
152 67
152 133
152 69
152 55
152 163
152 73
152 122
152 146
152 126
152 51
152 137
152 33
152 129
152 100
152 119
152 177
152 117
152 80
152 41
152 182
152 171
152 97
152 44
152 95
152 187
152 6
121 153
121 3
121 180
121 28
121 45
121 150
121 200
121 77
121 157
121 123
121 82
121 116
121 57
121 8
121 74
121 79
121 155
121 68
121 167
121 17
121 104
121 22
121 110
121 20
121 196
121 113
121 156
121 14
121 131
121 162
121 173
121 13
121 142
121 86
121 151
121 59
121 27
121 124
121 84
121 198
121 43
121 111
121 179
121 175
121 1
121 50
121 147
121 144
121 138
121 15
121 127
121 54
121 19
121 67
121 83
121 78
121 69
121 163
121 154
121 92
121 194
121 135
121 122
121 146
121 49
121 85
121 137
121 195
121 10
121 87
121 12
121 129
121 100
121 93
121 177
121 117
121 80
121 41
121 160
121 105
121 61
121 193
121 171
121 24
121 95
121 187
121 6
121 148
121 169
153 3
153 180
153 28
153 45
153 5
153 150
153 29
153 200
153 77
153 157
153 72
153 91
153 120
153 82
153 116
153 57
153 98
153 164
153 68
153 134
153 172
153 104
153 20
153 96
153 196
153 168
153 156
153 81
153 131
153 75
153 63
153 13
153 114
153 27
153 143
153 60
153 84
153 198
153 43
153 179
153 175
153 107
153 50
153 53
153 147
153 144
153 15
153 127
153 54
153 19
153 133
153 69
153 55
153 73
153 92
153 115
153 194
153 181
153 51
153 10
153 31
153 33
153 12
153 129
153 100
153 93
153 145
153 177
153 140
153 58
153 117
153 80
153 160
153 182
153 171
153 101
153 187
153 6
153 148
3 180
3 28
3 45
3 9
3 150
3 200
3 157
3 123
3 72
3 120
3 82
3 116
3 57
3 39
3 98
3 74
3 79
3 30
3 155
3 68
3 134
3 172
3 34
3 110
3 20
3 196
3 168
3 156
3 81
3 14
3 131
3 75
3 162
3 13
3 142
3 86
3 151
3 59
3 114
3 27
3 143
3 36
3 124
3 56
3 198
3 118
3 125
3 111
3 179
3 190
3 7
3 107
3 1
3 147
3 144
3 15
3 54
3 19
3 83
3 78
3 73
3 92
3 115
3 122
3 146
3 16
3 126
3 181
3 51
3 137
3 31
3 38
3 33
3 93
3 145
3 140
3 58
3 117
3 80
3 35
3 105
3 61
3 193
3 182
3 171
3 44
3 95
3 6
3 148
3 169
180 89
180 28
180 45
180 5
180 9
180 150
180 29
180 200
180 77
180 157
180 72
180 120
180 82
180 116
180 98
180 164
180 8
180 79
180 155
180 68
180 167
180 62
180 17
180 172
180 104
180 22
180 20
180 96
180 168
180 156
180 14
180 131
180 75
180 63
180 162
180 173
180 13
180 142
180 86
180 59
180 114
180 124
180 84
180 56
180 198
180 118
180 125
180 178
180 43
180 179
180 7
180 1
180 50
180 15
180 54
180 19
180 67
180 83
180 78
180 69
180 92
180 115
180 122
180 16
180 85
180 31
180 33
180 119
180 93
180 145
180 177
180 140
180 80
180 160
180 35
180 105
180 61
180 106
180 46
180 193
180 182
180 171
180 24
180 95
180 187
180 148
89 28
89 5
89 9
89 150
89 29
89 200
89 77
89 157
89 72
89 91
89 82
89 116
89 8
89 74
89 155
89 167
89 134
89 62
89 17
89 172
89 104
89 22
89 96
89 196
89 113
89 81
89 131
89 63
89 162
89 13
89 142
89 114
89 27
89 143
89 60
89 124
89 198
89 178
89 43
89 111
89 179
89 7
89 1
89 50
89 53
89 144
89 15
89 127
89 139
89 19
89 67
89 83
89 69
89 55
89 73
89 194
89 122
89 16
89 126
89 181
89 49
89 85
89 137
89 10
89 31
89 38
89 33
89 129
89 58
89 80
89 35
89 105
89 61
89 46
89 193
89 182
89 171
89 97
89 95
89 187
89 6
89 148
89 169
28 45
28 9
28 150
28 29
28 200
28 77
28 157
28 123
28 72
28 120
28 116
28 57
28 39
28 98
28 164
28 74
28 79
28 17
28 104
28 34
28 22
28 110
28 20
28 196
28 168
28 113
28 156
28 14
28 131
28 75
28 63
28 173
28 142
28 86
28 59
28 114
28 27
28 60
28 56
28 118
28 178
28 179
28 7
28 107
28 50
28 147
28 127
28 54
28 83
28 133
28 55
28 163
28 73
28 115
28 194
28 135
28 146
28 126
28 181
28 49
28 85
28 51
28 195
28 87
28 170
28 33
28 129
28 100
28 177
28 41
28 160
28 35
28 105
28 106
28 46
28 193
28 182
28 97
28 187
45 9
45 150
45 29
45 200
45 77
45 157
45 72
45 91
45 120
45 82
45 116
45 57
45 39
45 164
45 8
45 79
45 30
45 155
45 68
45 134
45 62
45 172
45 34
45 22
45 197
45 110
45 196
45 168
45 14
45 75
45 63
45 173
45 13
45 59
45 114
45 143
45 60
45 36
45 198
45 43
45 111
45 179
45 190
45 175
45 7
45 107
45 1
45 138
45 139
45 54
45 67
45 78
45 133
45 69
45 55
45 163
45 73
45 154
45 115
45 122
45 49
45 85
45 51
45 195
45 31
45 170
45 129
45 100
45 119
45 177
45 41
45 35
45 105
45 61
45 106
45 182
45 171
45 24
45 95
45 187
45 6
45 169
5 9
5 150
5 29
5 200
5 157
5 123
5 72
5 120
5 116
5 39
5 164
5 74
5 30
5 62
5 17
5 197
5 96
5 196
5 168
5 113
5 156
5 81
5 14
5 142
5 151
5 114
5 27
5 60
5 36
5 84
5 56
5 118
5 125
5 43
5 111
5 179
5 175
5 7
5 147
5 144
5 15
5 19
5 78
5 133
5 154
5 92
5 115
5 146
5 16
5 181
5 85
5 137
5 195
5 170
5 38
5 33
5 129
5 119
5 93
5 145
5 177
5 140
5 41
5 160
5 105
5 61
5 106
5 171
5 101
5 44
5 95
5 187
5 148
9 150
9 29
9 200
9 77
9 157
9 123
9 91
9 120
9 82
9 116
9 39
9 155
9 68
9 167
9 134
9 172
9 104
9 34
9 20
9 196
9 113
9 156
9 81
9 75
9 86
9 151
9 59
9 27
9 143
9 36
9 198
9 43
9 179
9 175
9 7
9 107
9 1
9 50
9 147
9 138
9 54
9 19
9 67
9 83
9 133
9 55
9 92
9 122
9 146
9 16
9 126
9 85
9 137
9 10
9 31
9 87
9 38
9 12
9 100
9 119
9 93
9 145
9 140
9 117
9 35
9 61
9 46
9 193
9 182
9 101
9 24
9 44
9 95
9 187
9 6
9 148
150 200
150 77
150 123
150 120
150 116
150 57
150 164
150 8
150 74
150 79
150 30
150 155
150 68
150 167
150 62
150 172
150 34
150 20
150 113
150 156
150 81
150 14
150 131
150 63
150 13
150 142
150 86
150 143
150 36
150 124
150 56
150 198
150 178
150 179
150 190
150 175
150 1
150 50
150 15
150 127
150 54
150 67
150 83
150 154
150 194
150 135
150 122
150 146
150 126
150 195
150 10
150 170
150 33
150 129
150 100
150 119
150 93
150 177
150 140
150 117
150 41
150 160
150 105
150 106
150 193
150 182
150 171
150 24
150 148
150 169
29 200
29 157
29 123
29 72
29 91
29 82
29 116
29 57
29 39
29 164
29 8
29 74
29 30
29 155
29 68
29 134
29 17
29 172
29 104
29 34
29 197
29 110
29 20
29 96
29 196
29 168
29 113
29 14
29 75
29 162
29 142
29 86
29 151
29 27
29 143
29 60
29 36
29 198
29 118
29 178
29 111
29 179
29 190
29 107
29 1
29 50
29 147
29 144
29 138
29 127
29 139
29 78
29 133
29 163
29 73
29 154
29 194
29 16
29 181
29 137
29 195
29 31
29 87
29 129
29 100
29 140
29 58
29 80
29 41
29 105
29 193
29 182
29 171
29 101
29 24
29 95
29 6
29 148
29 169
200 77
200 157
200 123
200 72
200 120
200 82
200 116
200 98
200 164
200 74
200 79
200 30
200 68
200 167
200 34
200 22
200 197
200 110
200 96
200 196
200 168
200 113
200 81
200 131
200 75
200 86
200 143
200 84
200 125
200 178
200 111
200 190
200 53
200 144
200 138
200 15
200 19
200 67
200 133
200 69
200 55
200 163
200 115
200 135
200 122
200 85
200 137
200 10
200 170
200 38
200 12
200 119
200 177
200 140
200 61
200 46
200 193
200 182
200 101
200 97
200 148
200 169
77 157
77 123
77 72
77 120
77 82
77 98
77 8
77 30
77 167
77 17
77 34
77 20
77 168
77 81
77 131
77 63
77 162
77 13
77 142
77 86
77 59
77 114
77 143
77 84
77 198
77 118
77 178
77 179
77 190
77 175
77 107
77 147
77 144
77 138
77 15
77 139
77 54
77 19
77 67
77 83
77 55
77 154
77 92
77 135
77 146
77 16
77 181
77 49
77 85
77 51
77 137
77 87
77 33
77 12
77 129
77 100
77 119
77 145
77 177
77 140
77 58
77 117
77 80
77 41
77 160
77 61
77 182
77 24
77 187
77 6
157 72
157 91
157 120
157 82
157 116
157 57
157 98
157 164
157 74
157 79
157 30
157 68
157 134
157 62
157 172
157 34
157 22
157 20
157 168
157 14
157 75
157 63
157 162
157 173
157 142
157 86
157 151
157 27
157 143
157 60
157 36
157 118
157 125
157 178
157 43
157 179
157 175
157 7
157 107
157 144
157 19
157 67
157 83
157 78
157 133
157 55
157 73
157 154
157 92
157 194
157 126
157 181
157 85
157 137
157 195
157 10
157 31
157 170
157 38
157 33
157 100
157 58
157 160
157 35
157 105
157 61
157 106
157 171
157 44
157 95
157 148
123 72
123 120
123 116
123 57
123 39
123 98
123 74
123 79
123 155
123 68
123 167
123 134
123 62
123 104
123 34
123 22
123 197
123 96
123 196
123 168
123 113
123 81
123 131
123 63
123 162
123 13
123 142
123 86
123 151
123 59
123 114
123 60
123 124
123 84
123 56
123 198
123 118
123 125
123 43
123 111
123 175
123 7
123 107
123 53
123 144
123 138
123 15
123 139
123 54
123 19
123 67
123 83
123 78
123 133
123 69
123 55
123 163
123 154
123 92
123 115
123 135
123 122
123 16
123 49
123 51
123 137
123 195
123 10
123 87
123 170
123 38
123 12
123 145
123 177
123 140
123 58
123 117
123 160
123 35
123 61
123 46
123 24
123 44
123 95
123 148
72 91
72 120
72 116
72 57
72 39
72 79
72 30
72 155
72 68
72 167
72 17
72 172
72 104
72 34
72 22
72 20
72 113
72 156
72 81
72 14
72 131
72 162
72 173
72 151
72 114
72 60
72 36
72 124
72 84
72 118
72 125
72 178
72 43
72 111
72 175
72 7
72 107
72 1
72 53
72 144
72 15
72 127
72 139
72 54
72 19
72 133
72 154
72 92
72 115
72 135
72 122
72 146
72 16
72 126
72 49
72 51
72 137
72 195
72 10
72 87
72 12
72 129
72 93
72 117
72 80
72 160
72 105
72 61
72 46
72 193
72 171
72 101
72 97
72 95
72 187
72 6
72 148
91 82
91 39
91 164
91 74
91 155
91 68
91 134
91 172
91 22
91 96
91 196
91 113
91 156
91 14
91 131
91 86
91 114
91 143
91 36
91 118
91 125
91 111
91 179
91 175
91 107
91 1
91 50
91 147
91 144
91 138
91 127
91 139
91 54
91 67
91 83
91 69
91 73
91 154
91 92
91 115
91 194
91 135
91 122
91 16
91 181
91 49
91 10
91 31
91 170
91 33
91 93
91 177
91 80
91 160
91 35
91 106
91 193
91 182
91 171
91 95
91 187
91 6
91 148
91 169
120 116
120 57
120 39
120 164
120 74
120 30
120 155
120 167
120 17
120 104
120 34
120 22
120 110
120 20
120 96
120 196
120 168
120 113
120 131
120 63
120 173
120 86
120 114
120 27
120 36
120 84
120 56
120 198
120 118
120 111
120 179
120 190
120 7
120 107
120 1
120 50
120 144
120 19
120 133
120 55
120 73
120 154
120 92
120 115
120 194
120 135
120 122
120 146
120 126
120 181
120 49
120 85
120 51
120 33
120 12
120 129
120 177
120 140
120 58
120 117
120 80
120 41
120 160
120 35
120 105
120 106
120 182
120 44
120 95
120 6
120 148
120 169
82 116
82 57
82 98
82 155
82 134
82 62
82 17
82 104
82 34
82 197
82 110
82 96
82 196
82 113
82 156
82 131
82 75
82 63
82 173
82 13
82 60
82 36
82 84
82 56
82 118
82 125
82 111
82 179
82 7
82 107
82 1
82 144
82 138
82 15
82 127
82 54
82 19
82 83
82 78
82 69
82 73
82 154
82 115
82 135
82 146
82 16
82 126
82 181
82 85
82 51
82 137
82 195
82 31
82 87
82 129
82 119
82 145
82 140
82 117
82 160
82 105
82 61
82 106
82 182
82 171
82 24
82 44
82 187
82 148
82 169
116 57
116 39
116 98
116 8
116 74
116 30
116 155
116 134
116 62
116 104
116 34
116 22
116 197
116 20
116 96
116 196
116 168
116 113
116 14
116 75
116 63
116 162
116 13
116 142
116 86
116 151
116 59
116 114
116 36
116 124
116 7
116 107
116 1
116 50
116 53
116 147
116 138
116 15
116 54
116 67
116 83
116 78
116 133
116 55
116 163
116 73
116 115
116 194
116 135
116 146
116 16
116 49
116 85
116 137
116 10
116 31
116 87
116 170
116 38
116 129
116 119
116 145
116 177
116 140
116 58
116 117
116 106
116 101
116 24
116 44
116 6
116 148
116 169
57 164
57 74
57 30
57 155
57 134
57 17
57 172
57 104
57 34
57 22
57 197
57 110
57 20
57 96
57 168
57 156
57 81
57 131
57 75
57 13
57 142
57 86
57 151
57 36
57 124
57 84
57 198
57 118
57 125
57 178
57 111
57 179
57 190
57 175
57 7
57 1
57 50
57 53
57 147
57 144
57 138
57 127
57 139
57 54
57 19
57 83
57 69
57 55
57 154
57 135
57 122
57 146
57 16
57 126
57 49
57 137
57 31
57 87
57 38
57 33
57 12
57 100
57 119
57 177
57 140
57 58
57 80
57 160
57 105
57 61
57 106
57 101
57 97
57 44
57 187
57 6
39 98
39 164
39 8
39 74
39 79
39 155
39 68
39 134
39 62
39 104
39 34
39 22
39 110
39 75
39 173
39 86
39 151
39 59
39 114
39 143
39 60
39 56
39 198
39 118
39 125
39 178
39 43
39 175
39 7
39 50
39 147
39 138
39 15
39 54
39 78
39 69
39 55
39 163
39 154
39 92
39 115
39 135
39 146
39 16
39 126
39 181
39 49
39 85
39 195
39 31
39 87
39 170
39 38
39 33
39 129
39 100
39 177
39 140
39 117
39 61
39 46
39 193
39 171
39 97
39 44
39 6
39 148
39 169
98 164
98 8
98 74
98 79
98 68
98 62
98 17
98 104
98 34
98 22
98 197
98 96
98 113
98 156
98 81
98 131
98 173
98 13
98 142
98 86
98 151
98 114
98 143
98 84
98 56
98 198
98 43
98 111
98 179
98 175
98 7
98 107
98 50
98 53
98 144
98 138
98 127
98 67
98 83
98 78
98 133
98 69
98 163
98 92
98 194
98 135
98 122
98 146
98 16
98 126
98 181
98 49
98 85
98 137
98 38
98 33
98 129
98 145
98 177
98 140
98 58
98 117
98 80
98 160
98 105
98 61
98 106
98 46
98 193
98 171
98 101
98 24
98 44
98 6
98 169
164 68
164 134
164 62
164 104
164 22
164 197
164 110
164 96
164 196
164 168
164 156
164 14
164 63
164 173
164 114
164 27
164 143
164 36
164 124
164 198
164 118
164 179
164 175
164 107
164 144
164 127
164 54
164 19
164 67
164 83
164 78
164 69
164 55
164 163
164 154
164 194
164 122
164 16
164 181
164 49
164 85
164 195
164 10
164 31
164 170
164 38
164 33
164 12
164 100
164 145
164 117
164 80
164 41
164 160
164 105
164 61
164 106
164 193
164 171
164 101
164 97
164 44
164 95
164 169
8 155
8 68
8 167
8 62
8 17
8 172
8 104
8 34
8 22
8 20
8 96
8 113
8 156
8 14
8 63
8 162
8 13
8 142
8 86
8 151
8 59
8 114
8 27
8 143
8 60
8 36
8 124
8 118
8 178
8 43
8 111
8 190
8 107
8 1
8 144
8 15
8 54
8 78
8 69
8 55
8 163
8 154
8 122
8 146
8 49
8 85
8 51
8 137
8 195
8 10
8 31
8 93
8 145
8 177
8 140
8 58
8 160
8 105
8 106
8 171
8 101
8 24
8 97
74 79
74 30
74 155
74 68
74 167
74 134
74 62
74 17
74 172
74 104
74 22
74 197
74 110
74 20
74 96
74 196
74 168
74 81
74 14
74 131
74 63
74 173
74 13
74 151
74 114
74 27
74 143
74 36
74 124
74 84
74 56
74 198
74 111
74 179
74 175
74 1
74 50
74 53
74 147
74 138
74 83
74 133
74 69
74 55
74 73
74 154
74 92
74 194
74 135
74 122
74 146
74 16
74 31
74 12
74 93
74 145
74 177
74 140
74 117
74 80
74 160
74 105
74 61
74 193
74 171
74 101
74 97
74 95
74 187
74 6
74 169
79 155
79 17
79 104
79 110
79 20
79 168
79 113
79 156
79 81
79 14
79 75
79 63
79 162
79 173
79 86
79 59
79 114
79 27
79 36
79 124
79 198
79 118
79 178
79 43
79 111
79 190
79 107
79 50
79 138
79 139
79 54
79 67
79 55
79 73
79 154
79 92
79 194
79 135
79 122
79 146
79 181
79 87
79 38
79 33
79 129
79 100
79 177
79 140
79 117
79 41
79 160
79 35
79 61
79 106
79 46
79 182
79 171
79 24
79 44
79 187
79 6
79 148
30 155
30 167
30 17
30 172
30 104
30 22
30 197
30 110
30 20
30 196
30 168
30 113
30 14
30 75
30 173
30 13
30 142
30 86
30 151
30 114
30 143
30 36
30 124
30 56
30 125
30 43
30 111
30 179
30 175
30 7
30 107
30 138
30 15
30 139
30 55
30 163
30 73
30 154
30 92
30 115
30 194
30 122
30 146
30 16
30 49
30 137
30 10
30 31
30 87
30 38
30 33
30 12
30 129
30 100
30 177
30 35
30 182
30 171
30 101
30 97
30 95
30 187
30 6
30 148
30 169
155 68
155 167
155 172
155 104
155 22
155 197
155 110
155 96
155 196
155 168
155 113
155 156
155 81
155 14
155 131
155 75
155 162
155 142
155 86
155 151
155 59
155 114
155 27
155 143
155 60
155 124
155 84
155 56
155 125
155 111
155 179
155 175
155 50
155 53
155 144
155 138
155 127
155 139
155 78
155 133
155 69
155 55
155 115
155 126
155 49
155 85
155 51
155 10
155 31
155 170
155 33
155 12
155 100
155 119
155 93
155 145
155 58
155 117
155 80
155 41
155 160
155 35
155 105
155 61
155 46
155 182
155 171
155 24
155 97
155 44
155 95
155 187
155 6
155 148
155 169
68 167
68 62
68 17
68 172
68 104
68 22
68 197
68 110
68 20
68 196
68 168
68 113
68 156
68 81
68 63
68 162
68 173
68 142
68 86
68 151
68 59
68 114
68 27
68 143
68 124
68 84
68 56
68 118
68 178
68 43
68 190
68 107
68 50
68 147
68 144
68 138
68 54
68 19
68 78
68 73
68 154
68 92
68 194
68 122
68 181
68 49
68 85
68 87
68 170
68 38
68 33
68 12
68 119
68 93
68 117
68 80
68 160
68 46
68 171
68 101
68 24
68 44
68 187
68 6
68 169
167 134
167 62
167 17
167 172
167 104
167 34
167 197
167 110
167 20
167 96
167 196
167 168
167 113
167 81
167 14
167 131
167 63
167 162
167 173
167 13
167 142
167 86
167 151
167 114
167 27
167 143
167 60
167 36
167 124
167 84
167 56
167 198
167 118
167 43
167 111
167 179
167 190
167 107
167 1
167 147
167 54
167 67
167 83
167 133
167 73
167 154
167 92
167 115
167 135
167 16
167 181
167 85
167 195
167 10
167 31
167 170
167 33
167 117
167 160
167 105
167 106
167 193
167 182
167 171
167 95
167 187
167 148
134 62
134 34
134 22
134 197
134 110
134 20
134 96
134 196
134 168
134 113
134 156
134 81
134 14
134 131
134 75
134 162
134 173
134 142
134 151
134 59
134 114
134 27
134 143
134 60
134 124
134 84
134 118
134 178
134 43
134 111
134 7
134 1
134 19
134 67
134 78
134 69
134 163
134 154
134 92
134 115
134 194
134 146
134 16
134 126
134 137
134 195
134 31
134 38
134 12
134 100
134 93
134 145
134 58
134 117
134 80
134 41
134 35
134 61
134 106
134 46
134 182
134 101
134 97
134 95
134 187
134 6
134 169
62 172
62 104
62 22
62 197
62 110
62 20
62 168
62 113
62 156
62 63
62 173
62 142
62 151
62 114
62 27
62 124
62 84
62 56
62 198
62 118
62 178
62 43
62 179
62 190
62 1
62 147
62 144
62 138
62 127
62 139
62 54
62 67
62 83
62 133
62 55
62 135
62 181
62 195
62 10
62 31
62 87
62 170
62 38
62 129
62 119
62 145
62 140
62 117
62 80
62 35
62 105
62 106
62 46
62 193
62 171
62 101
62 24
62 44
62 6
62 169
17 172
17 34
17 22
17 197
17 110
17 196
17 113
17 156
17 81
17 14
17 131
17 75
17 162
17 173
17 13
17 142
17 59
17 143
17 60
17 36
17 56
17 118
17 43
17 179
17 190
17 175
17 7
17 107
17 53
17 147
17 138
17 15
17 139
17 54
17 19
17 67
17 83
17 163
17 92
17 194
17 122
17 181
17 85
17 51
17 137
17 195
17 31
17 170
17 38
17 33
17 12
17 100
17 93
17 145
17 140
17 80
17 41
17 61
17 46
17 193
17 171
17 24
17 6
17 169
172 104
172 22
172 110
172 20
172 96
172 196
172 113
172 81
172 14
172 75
172 63
172 13
172 86
172 151
172 59
172 27
172 36
172 124
172 56
172 118
172 125
172 43
172 111
172 179
172 190
172 175
172 7
172 1
172 50
172 53
172 147
172 144
172 138
172 15
172 127
172 54
172 67
172 83
172 133
172 55
172 163
172 154
172 135
172 122
172 146
172 126
172 181
172 85
172 51
172 137
172 195
172 10
172 31
172 170
172 38
172 177
172 140
172 80
172 41
172 160
172 105
172 193
172 101
172 24
172 97
172 44
172 187
172 6
172 169
104 34
104 22
104 110
104 20
104 168
104 113
104 156
104 14
104 131
104 162
104 173
104 142
104 86
104 151
104 59
104 27
104 60
104 36
104 124
104 84
104 56
104 198
104 118
104 125
104 178
104 43
104 111
104 179
104 190
104 175
104 7
104 107
104 1
104 50
104 53
104 147
104 144
104 138
104 15
104 54
104 19
104 67
104 83
104 78
104 133
104 55
104 163
104 73
104 154
104 92
104 115
104 194
104 16
104 181
104 85
104 51
104 137
104 195
104 10
104 31
104 87
104 170
104 33
104 12
104 129
104 119
104 93
104 177
104 140
104 80
104 41
104 160
104 105
104 61
104 46
104 193
104 101
104 24
104 97
104 44
104 95
104 187
104 6
104 169
34 22
34 197
34 110
34 20
34 196
34 168
34 113
34 156
34 14
34 75
34 63
34 162
34 173
34 142
34 86
34 151
34 59
34 27
34 143
34 60
34 36
34 124
34 56
34 198
34 118
34 178
34 43
34 111
34 175
34 107
34 53
34 147
34 144
34 138
34 15
34 83
34 78
34 69
34 55
34 115
34 135
34 126
34 181
34 195
34 10
34 87
34 38
34 12
34 100
34 119
34 93
34 41
34 160
34 61
34 193
34 171
34 97
34 95
34 187
34 169
22 197
22 110
22 96
22 196
22 168
22 81
22 14
22 63
22 162
22 86
22 59
22 60
22 36
22 124
22 84
22 56
22 43
22 190
22 175
22 7
22 1
22 138
22 127
22 54
22 19
22 67
22 83
22 78
22 133
22 55
22 73
22 92
22 115
22 194
22 135
22 122
22 16
22 126
22 137
22 195
22 10
22 31
22 129
22 100
22 119
22 145
22 177
22 140
22 80
22 35
22 105
22 61
22 171
22 24
22 97
22 187
22 148
22 169
197 110
197 20
197 96
197 196
197 168
197 113
197 81
197 63
197 162
197 13
197 142
197 86
197 151
197 114
197 27
197 36
197 84
197 56
197 118
197 43
197 111
197 179
197 190
197 107
197 1
197 50
197 147
197 144
197 138
197 15
197 127
197 139
197 133
197 154
197 92
197 194
197 135
197 146
197 16
197 181
197 51
197 137
197 195
197 10
197 87
197 170
197 38
197 33
197 129
197 100
197 119
197 177
197 140
197 117
197 80
197 41
197 35
197 105
197 61
197 193
197 171
197 97
197 95
197 148
110 20
110 96
110 196
110 113
110 14
110 131
110 75
110 162
110 173
110 13
110 142
110 86
110 151
110 59
110 114
110 27
110 143
110 60
110 124
110 84
110 118
110 178
110 111
110 179
110 190
110 7
110 50
110 53
110 147
110 144
110 127
110 139
110 54
110 19
110 67
110 83
110 78
110 133
110 55
110 73
110 154
110 92
110 115
110 122
110 49
110 85
110 137
110 10
110 31
110 170
110 129
110 100
110 145
110 140
110 58
110 41
110 35
110 61
110 106
110 46
110 193
110 182
110 24
110 97
110 187
110 6
20 96
20 196
20 168
20 113
20 156
20 81
20 14
20 131
20 75
20 63
20 162
20 13
20 86
20 151
20 59
20 114
20 27
20 143
20 36
20 124
20 84
20 56
20 198
20 118
20 178
20 43
20 111
20 179
20 190
20 7
20 147
20 15
20 19
20 83
20 78
20 133
20 69
20 55
20 163
20 73
20 135
20 122
20 146
20 16
20 181
20 49
20 85
20 195
20 10
20 87
20 129
20 100
20 93
20 145
20 177
20 58
20 117
20 41
20 160
20 106
20 46
20 171
20 101
20 24
20 97
20 44
20 95
20 187
20 148
20 169
96 196
96 168
96 113
96 156
96 81
96 131
96 162
96 142
96 151
96 59
96 114
96 27
96 36
96 84
96 118
96 125
96 178
96 111
96 190
96 7
96 1
96 50
96 147
96 144
96 15
96 127
96 54
96 83
96 78
96 69
96 55
96 73
96 115
96 194
96 135
96 146
96 16
96 85
96 51
96 137
96 33
96 93
96 61
96 106
96 24
96 97
96 95
96 187
96 6
96 169
196 168
196 113
196 14
196 131
196 162
196 173
196 13
196 86
196 151
196 59
196 27
196 143
196 60
196 36
196 124
196 56
196 198
196 125
196 43
196 111
196 190
196 175
196 7
196 1
196 50
196 147
196 144
196 15
196 54
196 67
196 83
196 78
196 133
196 69
196 73
196 154
196 194
196 122
196 146
196 16
196 49
196 85
196 137
196 10
196 87
196 170
196 38
196 33
196 129
196 119
196 117
196 80
196 41
196 105
196 61
196 106
196 182
196 171
196 97
196 187
196 6
196 169
168 113
168 156
168 81
168 131
168 162
168 142
168 86
168 151
168 59
168 114
168 27
168 60
168 36
168 124
168 84
168 118
168 125
168 178
168 43
168 111
168 1
168 147
168 138
168 54
168 67
168 78
168 133
168 55
168 163
168 73
168 154
168 92
168 194
168 135
168 122
168 146
168 49
168 51
168 137
168 10
168 170
168 38
168 33
168 129
168 177
168 140
168 80
168 41
168 35
168 46
168 193
168 171
168 97
168 44
168 187
113 81
113 14
113 75
113 63
113 162
113 173
113 13
113 142
113 86
113 151
113 59
113 114
113 143
113 124
113 84
113 198
113 118
113 178
113 43
113 107
113 147
113 144
113 15
113 139
113 67
113 133
113 163
113 115
113 194
113 135
113 122
113 126
113 49
113 85
113 137
113 195
113 31
113 87
113 170
113 38
113 100
113 119
113 145
113 177
113 117
113 160
113 182
113 101
113 44
113 148
156 14
156 162
156 13
156 151
156 114
156 27
156 143
156 60
156 36
156 124
156 198
156 118
156 125
156 43
156 179
156 7
156 1
156 53
156 144
156 15
156 19
156 67
156 163
156 146
156 49
156 85
156 137
156 195
156 87
156 170
156 33
156 129
156 100
156 119
156 117
156 80
156 41
156 160
156 105
156 182
156 171
156 24
156 44
156 148
81 14
81 131
81 63
81 162
81 173
81 13
81 142
81 86
81 59
81 114
81 27
81 143
81 60
81 124
81 84
81 56
81 198
81 125
81 43
81 111
81 179
81 190
81 175
81 7
81 107
81 53
81 147
81 138
81 139
81 54
81 83
81 55
81 154
81 135
81 122
81 146
81 181
81 85
81 51
81 137
81 10
81 31
81 87
81 38
81 33
81 12
81 93
81 177
81 117
81 41
81 35
81 46
81 193
81 182
81 101
81 97
81 44
81 95
81 169
14 75
14 162
14 13
14 142
14 151
14 59
14 114
14 27
14 143
14 36
14 124
14 198
14 118
14 178
14 179
14 175
14 7
14 1
14 50
14 147
14 144
14 15
14 139
14 19
14 67
14 83
14 55
14 163
14 73
14 154
14 115
14 135
14 122
14 146
14 16
14 49
14 51
14 137
14 10
14 31
14 87
14 170
14 33
14 12
14 129
14 93
14 177
14 58
14 117
14 80
14 160
14 35
14 105
14 61
14 106
14 193
14 95
14 187
14 6
14 148
131 162
131 173
131 151
131 59
131 114
131 143
131 60
131 36
131 124
131 84
131 118
131 125
131 111
131 175
131 1
131 53
131 144
131 138
131 139
131 54
131 67
131 78
131 133
131 55
131 163
131 73
131 115
131 122
131 146
131 181
131 49
131 51
131 137
131 195
131 87
131 38
131 33
131 12
131 119
131 117
131 41
131 160
131 46
131 193
131 101
131 24
131 44
131 6
131 148
75 162
75 13
75 142
75 86
75 59
75 60
75 84
75 198
75 43
75 175
75 107
75 1
75 50
75 53
75 147
75 144
75 15
75 127
75 133
75 135
75 122
75 146
75 181
75 49
75 85
75 195
75 170
75 38
75 33
75 12
75 129
75 100
75 93
75 140
75 80
75 41
75 35
75 105
75 61
75 46
75 101
75 187
75 148
63 162
63 173
63 142
63 151
63 59
63 143
63 60
63 36
63 124
63 84
63 56
63 118
63 125
63 178
63 43
63 111
63 7
63 1
63 50
63 147
63 138
63 15
63 127
63 139
63 83
63 78
63 69
63 163
63 73
63 154
63 122
63 126
63 181
63 87
63 12
63 129
63 100
63 93
63 58
63 117
63 80
63 41
63 160
63 35
63 46
63 193
63 171
63 187
63 6
63 148
63 169
162 142
162 151
162 59
162 114
162 27
162 36
162 124
162 84
162 118
162 125
162 111
162 179
162 190
162 175
162 7
162 107
162 1
162 53
162 15
162 127
162 139
162 54
162 67
162 55
162 163
162 73
162 154
162 115
162 135
162 122
162 16
162 126
162 49
162 51
162 137
162 10
162 87
162 170
162 12
162 129
162 100
162 93
162 177
162 58
162 117
162 41
162 160
162 105
162 46
162 182
162 101
162 97
162 44
162 95
162 187
162 6
173 13
173 142
173 59
173 114
173 27
173 143
173 36
173 84
173 56
173 198
173 118
173 178
173 111
173 190
173 107
173 53
173 138
173 15
173 54
173 19
173 67
173 83
173 78
173 133
173 69
173 163
173 73
173 154
173 194
173 135
173 16
173 126
173 181
173 51
173 137
173 195
173 31
173 87
173 38
173 33
173 12
173 100
173 119
173 177
173 117
173 160
173 35
173 105
173 61
173 106
173 101
173 44
173 95
173 6
173 148
173 169
13 86
13 151
13 59
13 27
13 143
13 60
13 84
13 198
13 43
13 111
13 179
13 7
13 1
13 50
13 53
13 144
13 127
13 67
13 83
13 133
13 69
13 73
13 115
13 135
13 146
13 16
13 181
13 85
13 195
13 10
13 31
13 33
13 129
13 145
13 140
13 58
13 117
13 41
13 35
13 61
13 106
13 46
13 193
13 101
13 187
13 6
13 169
142 86
142 59
142 143
142 60
142 124
142 56
142 125
142 178
142 111
142 107
142 50
142 67
142 83
142 73
142 115
142 194
142 135
142 146
142 16
142 126
142 181
142 49
142 51
142 137
142 87
142 12
142 129
142 93
142 177
142 140
142 80
142 41
142 105
142 46
142 44
142 95
142 187
142 6
142 148
86 151
86 59
86 114
86 27
86 143
86 60
86 36
86 124
86 118
86 179
86 190
86 175
86 7
86 107
86 144
86 127
86 54
86 133
86 55
86 73
86 154
86 115
86 135
86 122
86 146
86 16
86 126
86 181
86 49
86 85
86 195
86 87
86 38
86 33
86 129
86 93
86 145
86 177
86 140
86 117
86 80
86 41
86 160
86 35
86 105
86 61
86 106
86 193
86 182
86 24
86 44
86 95
86 187
86 6
86 148
86 169
151 59
151 114
151 27
151 143
151 60
151 36
151 124
151 56
151 118
151 178
151 43
151 111
151 179
151 190
151 7
151 1
151 50
151 15
151 127
151 139
151 54
151 55
151 163
151 73
151 154
151 92
151 135
151 122
151 85
151 31
151 87
151 170
151 33
151 12
151 129
151 100
151 119
151 93
151 177
151 117
151 80
151 41
151 160
151 46
151 193
151 182
151 171
151 101
151 44
151 95
151 187
151 6
59 114
59 36
59 124
59 84
59 56
59 198
59 118
59 178
59 43
59 111
59 175
59 107
59 50
59 53
59 147
59 138
59 127
59 139
59 54
59 78
59 55
59 92
59 194
59 122
59 146
59 49
59 31
59 38
59 33
59 129
59 100
59 93
59 177
59 140
59 58
59 160
59 35
59 106
59 46
59 193
59 182
59 171
59 97
59 187
59 148
114 27
114 143
114 36
114 124
114 84
114 56
114 118
114 125
114 178
114 43
114 111
114 179
114 190
114 7
114 107
114 1
114 144
114 138
114 15
114 54
114 19
114 67
114 83
114 163
114 122
114 16
114 126
114 49
114 85
114 51
114 137
114 31
114 38
114 129
114 119
114 93
114 140
114 80
114 41
114 35
114 105
114 61
114 193
114 182
114 97
114 187
114 6
114 148
27 143
27 36
27 124
27 84
27 56
27 198
27 118
27 125
27 43
27 111
27 179
27 190
27 7
27 107
27 1
27 144
27 83
27 69
27 163
27 115
27 135
27 122
27 146
27 126
27 181
27 49
27 85
27 51
27 137
27 31
27 170
27 33
27 12
27 129
27 100
27 145
27 177
27 58
27 117
27 80
27 160
27 35
27 105
27 61
27 106
27 193
27 171
27 24
27 97
27 169
143 124
143 56
143 198
143 43
143 190
143 175
143 53
143 144
143 139
143 54
143 19
143 78
143 163
143 135
143 122
143 146
143 16
143 181
143 85
143 51
143 195
143 10
143 31
143 12
143 129
143 100
143 93
143 177
143 117
143 80
143 41
143 95
143 6
60 36
60 198
60 125
60 43
60 179
60 190
60 175
60 7
60 53
60 15
60 127
60 69
60 55
60 154
60 92
60 115
60 122
60 16
60 126
60 49
60 51
60 137
60 10
60 31
60 87
60 38
60 33
60 12
60 100
60 140
60 58
60 117
60 41
60 61
60 106
60 171
60 101
60 24
60 97
60 95
60 187
60 6
36 124
36 56
36 198
36 118
36 178
36 43
36 111
36 50
36 147
36 54
36 19
36 67
36 83
36 133
36 69
36 55
36 73
36 154
36 92
36 115
36 194
36 16
36 181
36 51
36 137
36 10
36 31
36 87
36 170
36 100
36 119
36 177
36 140
36 58
36 117
36 80
36 160
36 105
36 182
36 171
36 101
36 24
36 97
36 44
36 95
36 6
124 84
124 56
124 198
124 118
124 125
124 43
124 111
124 179
124 7
124 1
124 53
124 147
124 138
124 127
124 139
124 54
124 19
124 67
124 78
124 69
124 55
124 163
124 154
124 92
124 194
124 122
124 126
124 85
124 51
124 137
124 195
124 31
124 87
124 170
124 38
124 129
124 100
124 177
124 80
124 35
124 61
124 193
124 182
124 101
124 24
124 44
124 187
84 56
84 118
84 125
84 179
84 190
84 175
84 107
84 50
84 147
84 144
84 138
84 15
84 127
84 139
84 54
84 19
84 67
84 55
84 163
84 73
84 92
84 115
84 194
84 135
84 122
84 146
84 16
84 181
84 49
84 51
84 137
84 10
84 31
84 87
84 170
84 129
84 119
84 93
84 177
84 80
84 35
84 105
84 61
84 46
84 193
84 171
84 101
84 97
56 198
56 118
56 125
56 178
56 43
56 111
56 190
56 7
56 107
56 1
56 50
56 147
56 15
56 127
56 54
56 19
56 67
56 83
56 78
56 133
56 55
56 163
56 73
56 194
56 122
56 146
56 181
56 85
56 137
56 195
56 31
56 87
56 170
56 33
56 12
56 145
56 177
56 58
56 41
56 160
56 106
56 193
56 182
56 171
56 101
56 6
56 169
198 125
198 178
198 179
198 190
198 175
198 7
198 107
198 50
198 53
198 127
198 139
198 54
198 19
198 69
198 163
198 154
198 92
198 115
198 194
198 135
198 146
198 16
198 49
198 51
198 137
198 195
198 31
198 12
198 100
198 177
198 140
198 117
198 80
198 35
198 105
198 61
198 46
198 171
198 24
118 125
118 43
118 190
118 175
118 107
118 1
118 53
118 144
118 54
118 19
118 78
118 133
118 69
118 55
118 92
118 115
118 194
118 135
118 122
118 146
118 85
118 137
118 12
118 129
118 119
118 93
118 145
118 140
118 117
118 160
118 105
118 61
118 106
118 46
118 193
118 171
118 101
118 24
118 97
118 44
118 95
118 187
118 6
118 169
125 43
125 111
125 7
125 1
125 147
125 144
125 138
125 15
125 127
125 139
125 54
125 19
125 78
125 133
125 69
125 55
125 92
125 115
125 122
125 126
125 49
125 85
125 51
125 87
125 170
125 38
125 12
125 100
125 117
125 160
125 35
125 105
125 61
125 106
125 101
125 24
125 187
125 6
125 169
178 43
178 111
178 179
178 175
178 107
178 1
178 50
178 53
178 147
178 138
178 127
178 83
178 78
178 133
178 69
178 163
178 92
178 115
178 135
178 122
178 146
178 16
178 181
178 85
178 51
178 195
178 10
178 31
178 170
178 129
178 145
178 117
178 160
178 35
178 105
178 182
178 24
178 97
178 148
178 169
43 179
43 7
43 1
43 50
43 53
43 144
43 19
43 133
43 154
43 92
43 194
43 137
43 10
43 87
43 12
43 129
43 119
43 93
43 145
43 177
43 140
43 80
43 160
43 35
43 105
43 106
43 46
43 101
43 24
43 95
43 148
43 169
111 175
111 7
111 107
111 1
111 147
111 144
111 15
111 127
111 54
111 67
111 69
111 55
111 73
111 154
111 92
111 115
111 135
111 122
111 16
111 181
111 51
111 10
111 87
111 170
111 33
111 12
111 129
111 100
111 119
111 93
111 58
111 41
111 160
111 106
111 193
111 182
111 24
111 95
111 187
111 6
111 148
179 175
179 50
179 53
179 147
179 127
179 139
179 19
179 67
179 83
179 133
179 69
179 55
179 92
179 194
179 135
179 126
179 181
179 137
179 10
179 87
179 170
179 33
179 129
179 100
179 93
179 177
179 140
179 58
179 41
179 160
179 35
179 61
179 106
179 46
179 193
179 182
179 171
179 101
179 97
179 44
179 95
179 187
179 6
179 148
179 169
190 107
190 50
190 147
190 15
190 139
190 54
190 19
190 55
190 73
190 154
190 92
190 122
190 146
190 16
190 126
190 49
190 31
190 87
190 38
190 129
190 100
190 93
190 145
190 177
190 140
190 117
190 80
190 105
190 193
190 182
190 171
190 101
190 97
190 44
190 95
190 187
190 6
190 148
190 169
175 7
175 1
175 53
175 144
175 138
175 15
175 127
175 139
175 54
175 19
175 78
175 133
175 69
175 55
175 163
175 73
175 92
175 115
175 16
175 181
175 49
175 195
175 10
175 87
175 38
175 33
175 12
175 129
175 100
175 119
175 93
175 177
175 140
175 117
175 80
175 160
175 35
175 105
175 46
175 6
175 148
175 169
7 107
7 1
7 53
7 138
7 15
7 127
7 19
7 83
7 133
7 69
7 55
7 73
7 154
7 115
7 122
7 146
7 16
7 126
7 181
7 49
7 51
7 137
7 195
7 170
7 33
7 129
7 119
7 177
7 140
7 58
7 80
7 41
7 105
7 182
7 24
7 97
7 6
7 169
107 50
107 53
107 147
107 144
107 138
107 15
107 127
107 139
107 54
107 19
107 67
107 83
107 78
107 133
107 55
107 73
107 154
107 194
107 135
107 122
107 146
107 16
107 10
107 31
107 87
107 12
107 119
107 93
107 177
107 117
107 80
107 105
107 46
107 182
107 101
107 95
107 6
107 148
107 169
1 50
1 53
1 147
1 144
1 138
1 127
1 54
1 19
1 83
1 78
1 133
1 69
1 55
1 73
1 154
1 115
1 194
1 135
1 122
1 146
1 126
1 181
1 49
1 85
1 137
1 10
1 31
1 87
1 170
1 38
1 12
1 129
1 100
1 119
1 93
1 140
1 117
1 80
1 160
1 35
1 105
1 61
1 106
1 193
1 44
1 187
1 6
1 148
1 169
50 53
50 138
50 127
50 139
50 67
50 78
50 133
50 55
50 163
50 73
50 115
50 194
50 135
50 122
50 16
50 181
50 85
50 87
50 170
50 38
50 100
50 119
50 93
50 145
50 140
50 80
50 160
50 35
50 61
50 106
50 46
50 193
50 182
50 171
50 97
50 44
50 95
53 147
53 144
53 138
53 15
53 127
53 67
53 78
53 133
53 69
53 73
53 154
53 115
53 194
53 135
53 122
53 146
53 16
53 49
53 51
53 137
53 10
53 170
53 38
53 12
53 58
53 41
53 160
53 105
53 61
53 193
53 171
53 44
53 95
147 15
147 139
147 54
147 19
147 133
147 69
147 163
147 73
147 115
147 194
147 146
147 16
147 181
147 49
147 51
147 137
147 195
147 10
147 31
147 87
147 170
147 38
147 129
147 100
147 119
147 58
147 117
147 80
147 160
147 35
147 105
147 61
147 106
147 46
147 171
147 101
147 24
147 187
147 6
147 169
144 15
144 127
144 139
144 19
144 67
144 83
144 78
144 133
144 69
144 55
144 163
144 154
144 92
144 16
144 51
144 195
144 10
144 87
144 170
144 38
144 33
144 12
144 100
144 119
144 93
144 177
144 80
144 41
144 160
144 105
144 61
144 106
144 46
144 182
144 171
144 97
144 44
138 139
138 54
138 133
138 163
138 73
138 154
138 92
138 194
138 122
138 146
138 126
138 49
138 195
138 31
138 38
138 33
138 129
138 100
138 145
138 58
138 117
138 41
138 35
138 106
138 46
138 182
138 101
138 97
138 44
138 95
138 187
138 148
15 127
15 19
15 83
15 78
15 133
15 69
15 55
15 73
15 115
15 194
15 122
15 126
15 195
15 10
15 31
15 87
15 170
15 129
15 100
15 119
15 177
15 58
15 41
15 35
15 61
15 106
15 46
15 193
15 182
15 171
15 24
15 97
15 95
15 169
127 139
127 67
127 78
127 55
127 163
127 154
127 92
127 194
127 135
127 146
127 126
127 181
127 49
127 51
127 10
127 31
127 87
127 38
127 33
127 129
127 100
127 119
127 93
127 145
127 58
127 117
127 160
127 35
127 105
127 106
127 193
127 182
127 171
127 44
127 95
127 6
127 148
127 169
139 67
139 69
139 55
139 73
139 92
139 115
139 194
139 135
139 122
139 146
139 181
139 49
139 85
139 51
139 195
139 10
139 87
139 33
139 100
139 119
139 177
139 80
139 160
139 35
139 105
139 182
139 171
139 101
139 6
54 67
54 78
54 133
54 69
54 163
54 115
54 194
54 135
54 122
54 146
54 126
54 181
54 137
54 10
54 170
54 33
54 129
54 119
54 93
54 177
54 117
54 80
54 41
54 160
54 105
54 106
54 46
54 182
54 101
54 97
54 187
54 6
54 148
54 169
19 67
19 83
19 133
19 55
19 163
19 73
19 92
19 115
19 194
19 135
19 122
19 146
19 16
19 10
19 31
19 170
19 12
19 177
19 140
19 58
19 117
19 80
19 41
19 160
19 105
19 61
19 106
19 182
19 171
19 44
19 6
19 169
67 83
67 78
67 69
67 163
67 73
67 115
67 146
67 16
67 181
67 49
67 51
67 195
67 10
67 31
67 87
67 33
67 12
67 129
67 100
67 119
67 145
67 177
67 58
67 41
67 35
67 105
67 182
67 171
67 24
67 97
67 44
67 95
67 187
67 148
83 133
83 69
83 92
83 115
83 194
83 135
83 146
83 181
83 49
83 51
83 10
83 87
83 170
83 33
83 12
83 100
83 117
83 80
83 160
83 35
83 105
83 61
83 106
83 46
83 193
83 182
83 101
83 24
83 148
78 55
78 92
78 115
78 122
78 16
78 181
78 49
78 137
78 195
78 10
78 31
78 87
78 38
78 33
78 129
78 119
78 93
78 177
78 80
78 160
78 105
78 61
78 106
78 46
78 193
78 182
78 171
78 101
78 97
78 95
78 148
133 69
133 163
133 73
133 154
133 92
133 115
133 146
133 16
133 126
133 181
133 137
133 10
133 31
133 87
133 38
133 33
133 129
133 93
133 117
133 80
133 35
133 105
133 61
133 46
133 193
133 171
133 24
69 55
69 73
69 194
69 135
69 122
69 146
69 16
69 126
69 49
69 85
69 137
69 10
69 31
69 38
69 129
69 100
69 93
69 145
69 177
69 140
69 160
69 105
69 61
69 106
69 46
69 193
69 171
69 44
69 187
69 6
69 148
69 169
55 163
55 73
55 154
55 115
55 135
55 122
55 146
55 16
55 49
55 85
55 51
55 195
55 31
55 87
55 38
55 33
55 12
55 100
55 93
55 80
55 160
55 61
55 106
55 46
55 171
55 101
55 24
55 44
55 169
163 154
163 115
163 135
163 146
163 49
163 85
163 51
163 137
163 38
163 129
163 100
163 119
163 145
163 140
163 58
163 80
163 160
163 61
163 46
163 182
163 171
163 101
163 24
163 97
163 44
163 95
163 187
163 6
163 148
73 92
73 115
73 135
73 122
73 181
73 49
73 85
73 137
73 195
73 31
73 170
73 100
73 119
73 93
73 177
73 41
73 61
73 106
73 46
73 193
73 182
73 101
73 24
73 97
73 95
73 187
154 92
154 122
154 146
154 126
154 181
154 85
154 10
154 87
154 170
154 38
154 100
154 119
154 93
154 177
154 58
154 117
154 41
154 105
154 61
154 46
154 193
154 182
154 101
154 187
154 6
154 148
92 115
92 49
92 51
92 137
92 10
92 38
92 33
92 12
92 129
92 140
92 58
92 117
92 160
92 35
92 171
92 97
92 44
92 95
92 187
92 6
92 148
115 135
115 122
115 146
115 16
115 49
115 85
115 195
115 87
115 38
115 33
115 12
115 100
115 119
115 58
115 117
115 80
115 46
115 193
115 182
115 44
115 95
115 6
115 169
194 122
194 146
194 16
194 126
194 181
194 49
194 85
194 51
194 137
194 195
194 31
194 170
194 129
194 100
194 119
194 93
194 145
194 177
194 117
194 80
194 160
194 46
194 193
194 171
194 101
194 24
194 44
194 95
194 187
194 6
194 148
194 169
135 122
135 126
135 85
135 137
135 195
135 31
135 170
135 12
135 129
135 145
135 140
135 160
135 35
135 105
135 46
135 97
135 95
135 187
135 169
122 146
122 16
122 181
122 49
122 137
122 195
122 31
122 33
122 119
122 145
122 140
122 58
122 80
122 160
122 35
122 61
122 182
122 171
122 101
122 24
122 97
122 44
122 95
122 148
146 16
146 181
146 49
146 51
146 137
146 195
146 10
146 31
146 119
146 145
146 140
146 117
146 80
146 41
146 160
146 35
146 46
146 193
146 101
146 24
146 187
146 148
16 126
16 181
16 49
16 85
16 51
16 31
16 170
16 129
16 100
16 145
16 177
16 140
16 80
16 160
16 105
16 46
16 193
16 171
16 44
16 95
16 187
16 148
16 169
126 49
126 85
126 137
126 10
126 87
126 170
126 12
126 129
126 93
126 145
126 140
126 58
126 117
126 160
126 105
126 61
126 106
126 97
126 44
126 95
126 187
126 148
181 85
181 51
181 87
181 170
181 38
181 33
181 12
181 100
181 93
181 145
181 58
181 80
181 160
181 105
181 61
181 106
181 193
181 171
181 97
181 44
181 95
181 187
181 148
181 169
49 85
49 51
49 87
49 33
49 12
49 100
49 93
49 145
49 140
49 58
49 41
49 160
49 35
49 106
49 193
49 171
49 101
49 24
49 44
49 95
49 187
85 137
85 195
85 10
85 87
85 38
85 33
85 93
85 145
85 177
85 58
85 80
85 35
85 105
85 61
85 46
85 182
85 24
85 97
85 187
85 6
85 148
51 10
51 38
51 12
51 129
51 100
51 119
51 145
51 177
51 117
51 160
51 105
51 46
51 193
51 44
51 6
137 195
137 10
137 31
137 87
137 170
137 38
137 12
137 129
137 100
137 119
137 145
137 140
137 117
137 80
137 35
137 61
137 193
137 182
137 171
137 24
137 97
137 95
137 169
195 10
195 33
195 12
195 100
195 93
195 177
195 58
195 117
195 80
195 41
195 160
195 35
195 105
195 61
195 106
195 46
195 193
195 171
195 97
195 95
195 187
195 6
195 148
195 169
10 31
10 33
10 12
10 129
10 100
10 119
10 177
10 140
10 117
10 80
10 41
10 160
10 105
10 61
10 46
10 193
10 182
10 101
10 24
10 97
10 95
10 187
10 6
10 148
10 169
31 87
31 170
31 129
31 119
31 93
31 177
31 140
31 117
31 160
31 105
31 61
31 171
31 24
31 44
31 95
31 148
87 170
87 12
87 129
87 100
87 93
87 177
87 117
87 41
87 160
87 46
87 193
87 101
87 97
87 187
87 6
170 38
170 33
170 129
170 100
170 145
170 177
170 117
170 80
170 105
170 106
170 46
170 193
170 182
170 171
170 24
170 44
170 95
170 187
170 148
38 12
38 129
38 119
38 93
38 145
38 177
38 58
38 117
38 80
38 160
38 35
38 61
38 106
38 46
38 193
38 171
38 101
38 24
38 187
38 6
38 169
33 12
33 129
33 100
33 119
33 145
33 140
33 58
33 117
33 80
33 41
33 105
33 61
33 46
33 171
33 24
33 97
33 95
33 6
12 129
12 100
12 119
12 93
12 145
12 140
12 58
12 80
12 41
12 160
12 105
12 106
12 182
12 101
12 24
12 97
12 44
12 95
12 187
12 6
12 169
129 100
129 93
129 58
129 80
129 160
129 35
129 61
129 106
129 193
129 171
129 101
129 44
129 187
129 169
100 93
100 145
100 140
100 117
100 160
100 105
100 106
100 46
100 182
100 171
100 24
100 95
100 169
119 93
119 177
119 140
119 61
119 106
119 46
119 182
119 171
119 24
119 187
119 148
93 145
93 177
93 140
93 80
93 41
93 160
93 35
93 105
93 61
93 46
93 193
93 182
93 171
93 97
93 95
93 148
93 169
145 177
145 140
145 80
145 160
145 35
145 105
145 61
145 106
145 46
145 193
145 171
145 24
145 44
145 95
145 187
145 169
177 140
177 58
177 117
177 41
177 105
177 61
177 106
177 46
177 193
177 171
177 24
177 95
177 6
177 148
177 169
140 117
140 80
140 41
140 35
140 106
140 46
140 193
140 182
140 171
140 101
140 97
140 187
140 6
140 148
58 117
58 35
58 105
58 61
58 106
58 171
58 44
58 95
58 148
58 169
117 80
117 160
117 105
117 61
117 106
117 46
117 193
117 182
117 171
117 101
117 97
117 95
117 148
80 35
80 182
80 24
80 97
80 187
80 6
80 169
41 35
41 105
41 61
41 106
41 182
41 24
41 95
41 187
41 148
160 105
160 61
160 106
160 46
160 193
160 171
160 101
160 44
160 95
160 187
160 169
35 46
35 193
35 171
35 101
35 97
35 95
35 187
35 148
35 169
105 61
105 46
105 193
105 182
105 101
105 44
105 95
105 169
61 106
61 46
61 171
61 97
61 44
61 6
61 169
106 46
106 182
106 97
106 95
106 6
106 148
106 169
46 193
46 182
46 101
46 24
46 97
46 6
46 169
193 171
193 44
193 6
193 148
182 171
182 44
182 95
182 187
182 6
182 169
171 24
171 6
171 169
101 24
101 44
101 95
101 187
101 6
101 169
24 97
24 44
24 187
24 6
97 44
97 95
97 187
97 148
44 187
44 148
44 169
95 6
95 148
187 6
187 148
187 169
6 169
