200
1728
195 33
195 51
195 28
195 63
195 31
195 72
195 53
195 66
195 69
195 88
195 112
195 163
195 142
195 54
195 171
195 49
195 144
195 32
195 188
195 35
195 50
195 9
195 114
195 162
195 81
195 140
195 198
195 185
195 108
195 110
195 40
195 8
195 6
195 92
195 78
195 176
195 194
195 115
195 145
195 79
33 51
33 63
33 121
33 54
33 171
33 113
33 178
33 180
33 90
33 59
33 139
33 25
33 169
33 176
33 194
33 68
33 115
33 132
104 37
104 63
104 173
104 69
104 88
104 54
104 171
104 113
104 188
104 111
104 117
104 178
104 129
104 59
104 25
51 173
51 146
51 91
51 15
51 54
51 171
51 113
51 188
51 9
51 3
51 111
51 172
51 103
51 24
51 117
51 196
51 178
51 140
51 198
51 129
51 185
51 99
51 154
51 105
51 90
51 108
51 40
51 6
51 78
51 59
51 71
51 155
51 7
51 25
51 182
51 176
51 46
51 170
51 194
51 168
100 37
100 167
100 31
100 136
100 88
100 85
100 171
100 144
100 9
28 31
28 53
28 69
28 1
28 91
28 85
28 171
28 49
28 188
28 35
28 16
28 9
28 3
28 114
28 24
37 102
37 152
37 146
37 56
37 44
37 1
37 171
37 35
37 9
37 179
37 117
37 180
37 99
37 170
102 53
102 56
102 88
102 163
102 142
102 122
102 171
102 35
102 16
102 114
102 179
102 140
102 6
102 25
73 72
73 146
73 171
73 113
73 32
73 172
167 107
167 152
167 53
167 66
167 69
167 91
167 163
167 171
167 144
167 113
167 158
167 35
167 50
167 3
167 114
167 179
167 111
167 172
167 150
167 99
167 154
167 110
87 31
87 141
87 85
87 171
87 179
107 152
107 173
107 53
107 66
107 44
107 88
107 164
107 15
107 171
107 32
107 188
107 16
107 179
107 172
107 198
107 71
116 31
116 136
116 44
116 1
116 171
116 32
116 188
116 16
116 162
116 179
63 121
63 120
63 173
63 72
63 146
63 69
63 1
63 88
63 163
63 85
63 122
63 171
63 49
63 113
63 188
63 35
63 9
63 114
63 179
63 34
63 194
121 31
121 69
121 85
121 171
121 113
121 114
121 111
121 194
31 152
31 72
31 53
31 146
31 56
31 66
31 44
31 76
31 69
31 1
31 112
31 91
31 85
31 61
31 54
31 171
31 49
31 144
31 32
31 35
31 16
31 114
31 179
31 45
31 81
31 24
31 117
31 178
31 140
31 90
31 108
31 59
31 7
31 139
136 120
136 173
136 72
136 146
136 56
136 66
136 44
136 85
136 171
136 113
136 57
136 103
152 72
152 53
152 56
152 76
152 69
152 1
152 88
152 112
152 91
152 171
152 49
152 144
152 113
152 9
152 114
152 179
152 172
152 81
152 93
152 108
152 8
152 42
152 68
152 149
152 95
120 173
120 72
120 53
120 146
120 69
120 1
120 49
120 35
120 16
120 9
120 114
120 172
120 24
120 154
173 72
173 44
173 142
173 171
173 188
173 172
173 198
173 155
72 53
72 56
72 66
72 76
72 69
72 88
72 85
72 142
72 15
72 54
72 122
72 171
72 49
72 144
72 35
72 50
72 16
72 9
72 114
72 162
72 179
72 94
72 172
72 103
72 117
72 92
72 86
53 146
53 56
53 44
53 76
53 69
53 1
53 88
53 91
53 85
53 142
53 54
53 171
53 49
53 144
53 188
53 35
53 16
53 9
53 3
53 114
53 162
53 179
53 81
53 117
53 25
53 176
146 56
146 44
146 76
146 85
146 171
146 49
146 144
146 113
146 188
146 57
146 35
146 16
146 9
146 114
146 179
146 94
146 64
146 24
146 117
146 198
56 44
56 76
56 1
56 91
56 171
56 188
56 35
56 16
56 114
56 162
56 179
56 172
56 81
56 64
56 117
56 110
56 165
66 44
66 1
66 88
66 112
66 163
66 142
66 54
66 171
66 188
66 9
66 81
66 178
66 200
66 180
66 150
66 90
66 108
66 71
66 176
66 115
66 13
44 1
44 112
44 85
44 142
44 171
44 113
44 188
44 16
44 179
44 198
44 185
44 78
44 34
44 98
76 69
76 1
76 171
76 49
76 144
76 113
76 188
76 35
76 9
76 114
76 179
76 172
76 81
76 117
76 27
76 17
76 86
69 1
69 163
69 142
69 54
69 171
69 49
69 144
69 113
69 32
69 188
69 29
69 35
69 50
69 16
69 9
69 3
69 114
69 162
69 179
69 172
69 81
69 24
69 117
69 93
69 108
69 155
69 176
1 88
1 164
1 163
1 85
1 142
1 171
1 144
1 113
1 32
1 188
1 29
1 35
1 50
1 16
1 9
1 3
1 114
1 179
1 172
1 81
1 24
1 200
1 150
1 154
1 78
1 59
1 169
88 112
88 163
88 142
88 122
88 171
88 49
88 188
88 29
88 9
88 114
88 198
88 180
88 6
141 150
141 134
141 165
141 131
141 123
112 164
112 142
112 171
112 188
112 29
112 35
112 162
112 81
112 24
112 97
112 140
112 93
112 198
112 150
112 185
112 99
112 90
112 108
112 110
112 6
112 59
112 187
112 27
112 67
112 176
112 170
91 142
91 171
91 49
91 113
91 35
91 114
91 81
91 90
91 59
91 46
91 194
91 68
164 188
164 180
164 150
164 185
164 71
164 176
164 151
163 85
163 142
163 54
163 171
163 188
163 35
163 114
163 172
163 81
163 140
163 105
163 59
163 60
163 176
163 68
163 101
85 142
85 61
85 15
85 171
85 144
85 188
85 35
85 16
85 114
85 179
85 81
85 24
85 140
85 150
85 8
85 124
85 149
142 54
142 171
142 32
142 188
142 29
142 35
142 3
142 114
142 81
142 117
142 178
142 97
142 200
142 140
142 150
142 154
142 108
142 6
142 59
142 176
142 68
142 115
142 101
142 149
142 145
142 79
142 95
142 65
142 186
61 114
15 113
15 188
15 170
54 32
54 188
54 29
54 35
54 3
54 114
54 179
54 45
54 81
54 200
54 150
54 129
54 154
54 105
54 90
54 108
54 8
54 92
54 78
54 59
54 71
54 27
54 25
54 176
54 68
54 115
54 101
54 70
54 86
54 95
54 20
122 171
122 153
122 131
122 127
171 49
171 144
171 32
171 188
171 30
171 29
171 35
171 16
171 9
171 3
171 114
171 179
171 111
171 45
171 81
171 64
171 117
171 154
171 25
49 144
49 35
49 50
49 9
49 114
49 162
49 179
49 111
49 81
49 117
49 41
49 62
144 32
144 35
144 9
144 114
144 111
144 81
144 59
144 25
144 161
144 145
113 114
113 179
113 111
113 172
113 24
113 178
113 129
113 90
113 67
113 170
113 153
113 2
113 133
158 111
32 81
32 24
32 108
32 59
188 29
188 35
188 50
188 16
188 9
188 162
188 111
188 81
188 117
188 140
188 150
188 108
188 110
188 78
188 42
188 71
188 60
29 35
29 16
29 9
29 162
29 172
29 24
29 97
29 140
29 93
29 198
29 150
29 82
29 108
29 110
29 6
29 71
29 187
29 155
29 27
29 7
29 169
29 46
29 124
57 150
35 16
35 9
35 3
35 114
35 162
35 179
35 111
35 172
35 81
35 117
35 178
35 97
35 200
35 150
35 154
35 110
35 5
50 9
50 114
50 179
50 24
50 117
50 115
16 9
16 3
16 114
16 179
16 24
16 117
16 154
16 25
9 3
9 114
9 179
9 111
9 81
9 103
9 24
9 117
9 133
3 114
3 179
3 111
3 81
3 24
3 117
3 154
3 105
3 59
3 27
3 25
3 176
3 68
3 115
3 101
114 162
114 179
114 172
114 81
114 103
114 117
114 118
114 154
114 105
114 40
114 8
114 92
114 59
114 176
114 68
114 101
114 133
162 24
162 118
162 78
179 111
179 172
179 24
179 117
179 154
94 24
94 161
111 117
111 154
111 60
111 157
172 81
172 64
172 24
172 117
172 180
172 82
45 81
45 129
45 105
45 90
45 6
45 78
45 59
45 42
45 139
45 60
45 25
45 176
45 46
45 124
45 130
45 138
45 77
45 48
45 68
45 115
45 11
45 151
45 132
45 101
45 70
45 5
45 145
81 24
81 117
81 200
81 140
81 93
81 150
81 154
81 105
81 90
81 108
81 59
81 42
81 27
81 25
81 182
81 176
81 119
81 68
81 115
81 101
81 41
81 149
81 145
81 86
81 95
81 65
103 118
103 129
103 78
103 176
103 46
103 157
103 95
24 117
24 198
24 82
24 154
24 71
24 155
24 170
24 157
117 93
117 157
189 55
189 92
189 42
189 183
189 130
189 168
189 38
189 133
55 40
55 155
55 46
55 190
196 178
196 97
196 200
196 140
196 99
196 108
196 8
196 6
196 187
196 183
196 34
196 27
196 7
196 67
196 182
196 176
196 190
196 170
196 124
196 153
23 108
23 187
23 165
178 97
178 200
178 198
178 129
178 185
178 99
178 105
178 90
178 108
178 6
178 59
178 187
178 7
178 139
178 60
178 194
178 68
178 101
178 145
178 95
97 166
97 200
97 140
97 198
97 99
97 90
97 108
97 6
97 92
97 59
97 42
97 187
97 27
97 7
97 67
97 176
97 170
97 124
97 137
97 168
97 5
58 198
58 150
58 82
58 99
58 8
58 6
58 71
58 187
58 27
58 25
58 169
58 190
58 124
58 194
58 101
58 147
166 99
166 187
166 176
118 90
118 110
118 59
118 176
118 170
118 124
118 18
200 140
200 93
200 150
200 82
200 154
200 6
200 155
200 27
200 7
200 60
200 46
200 130
200 68
200 115
200 132
200 5
140 93
140 180
140 150
140 185
140 99
140 154
140 90
140 108
140 110
140 6
140 92
140 42
140 187
140 155
140 27
140 7
140 60
140 169
140 176
140 46
140 190
140 170
140 124
93 198
93 180
93 129
93 82
93 90
93 108
93 92
93 42
93 155
93 27
93 7
93 60
93 25
93 115
93 161
198 180
198 150
198 129
198 82
198 185
198 99
198 108
198 6
198 78
198 71
198 187
198 155
198 7
198 139
198 25
180 150
180 129
180 82
180 108
180 110
180 40
180 92
180 71
180 187
180 27
180 139
180 25
180 170
180 39
180 132
180 145
150 82
150 185
150 99
150 154
150 90
150 108
150 110
150 92
150 78
150 42
150 71
150 187
150 155
150 27
150 7
150 139
150 25
150 169
150 176
150 190
150 170
150 124
150 14
150 68
150 165
150 145
150 95
129 82
129 185
129 105
129 6
129 92
129 59
129 187
129 155
129 139
129 25
129 176
129 39
129 115
129 132
129 101
82 185
82 99
82 154
82 105
82 90
82 108
82 40
82 92
82 42
82 34
82 155
82 27
82 7
82 60
82 25
82 182
82 169
82 170
82 115
82 151
82 177
82 168
185 99
185 105
185 90
185 108
185 110
185 92
185 78
185 59
185 187
185 155
185 7
185 139
185 25
185 176
185 170
185 194
185 115
99 154
99 109
99 90
99 108
99 6
99 92
99 42
99 27
99 7
99 67
99 25
99 176
99 46
99 190
99 170
99 124
99 101
154 90
154 108
154 110
154 92
154 78
154 59
154 42
154 71
154 187
154 183
154 155
154 27
154 7
154 25
154 46
154 190
154 170
154 119
154 135
154 101
154 86
105 108
105 110
105 6
105 92
105 59
105 27
105 7
105 25
105 176
105 194
105 68
105 115
105 95
105 20
90 110
90 6
90 92
90 59
90 42
90 183
90 155
90 27
90 7
90 60
90 176
90 46
90 170
90 194
90 132
90 165
90 13
108 110
108 6
108 78
108 42
108 187
108 155
108 27
108 7
108 139
108 176
108 46
108 170
108 194
108 68
108 5
108 149
108 145
108 95
110 6
110 42
110 187
110 183
110 27
110 7
110 25
110 169
110 170
40 187
40 183
40 155
40 7
40 46
40 151
8 6
8 92
8 67
8 169
8 194
8 101
156 71
156 187
156 25
156 194
6 92
6 59
6 187
6 155
6 27
6 60
6 176
6 46
6 170
6 124
6 194
6 168
6 5
92 42
92 71
92 155
92 7
92 60
92 25
92 169
92 176
92 170
92 194
92 115
78 59
78 71
78 183
78 155
78 7
78 46
78 194
78 130
78 138
78 119
78 115
78 11
78 151
78 168
78 175
59 42
59 183
59 27
59 7
59 139
59 176
59 46
59 194
59 68
59 115
59 132
59 101
59 79
42 187
42 27
42 139
42 60
42 124
42 5
42 149
71 155
71 139
71 25
71 170
71 14
187 155
187 27
187 7
187 139
187 60
187 25
187 182
187 176
187 46
187 170
187 124
183 7
183 25
34 155
34 7
34 169
34 46
34 170
155 27
155 7
155 60
155 25
155 169
155 176
155 46
155 190
155 124
155 194
155 98
155 177
155 132
155 197
155 22
155 2
155 133
155 26
27 7
27 139
27 60
27 169
27 176
27 46
27 170
27 124
27 14
7 139
7 60
7 182
7 190
7 170
139 115
60 25
60 176
60 46
60 190
60 124
60 115
67 46
67 190
67 14
67 48
67 177
67 101
25 176
25 46
25 170
25 14
25 39
25 68
25 132
25 153
25 86
25 13
182 176
182 194
169 14
169 168
169 101
169 157
176 46
176 170
176 124
176 68
176 115
176 132
176 101
176 86
176 95
176 13
46 170
46 75
46 177
46 132
46 161
190 170
190 124
190 194
190 79
170 124
170 194
170 39
170 48
170 132
170 148
124 161
124 5
124 47
194 68
194 115
194 41
14 177
39 115
39 132
130 128
130 199
130 132
130 135
130 95
138 199
138 132
138 153
75 177
75 132
75 95
77 41
98 48
98 132
98 84
98 101
98 157
48 168
119 174
119 132
174 115
174 199
174 137
174 175
174 157
174 5
174 149
174 79
68 115
68 199
68 132
68 137
68 101
68 41
68 70
68 157
68 5
68 145
68 153
68 79
68 86
68 95
68 20
128 161
128 157
128 153
115 199
115 177
115 101
115 157
115 79
115 95
115 19
11 132
11 135
11 157
11 79
11 62
151 137
151 101
151 5
151 145
151 79
199 137
199 175
199 5
199 145
177 84
177 41
177 149
132 135
132 168
132 175
132 101
132 157
132 5
132 153
132 79
132 86
137 175
137 101
137 157
137 5
137 79
84 101
168 161
168 131
161 95
161 133
175 157
175 79
101 70
101 157
101 5
101 79
101 86
134 153
41 149
70 5
70 20
157 153
157 79
157 126
5 79
149 153
145 153
145 47
145 95
153 79
153 192
153 86
153 95
131 18
192 86
192 181
192 143
192 148
126 86
126 181
126 43
126 62
191 2
191 38
123 47
123 143
123 148
197 106
197 26
197 62
96 43
96 95
96 21
160 143
80 43
17 86
17 181
17 38
17 133
17 62
18 143
18 4
18 127
18 21
86 181
86 47
86 22
86 106
86 95
86 159
86 26
86 20
86 13
86 74
86 21
86 62
181 95
181 26
181 62
43 95
43 19
43 20
83 184
83 38
83 148
47 22
47 147
47 38
47 4
22 4
2 147
2 38
2 143
2 19
2 133
52 148
52 133
184 65
95 159
95 10
95 38
95 143
95 19
95 65
95 20
95 62
147 148
159 20
10 143
10 65
10 186
10 4
38 133
143 186
143 12
19 21
148 65
148 74
26 62
65 20
20 13
20 62
4 21
13 62
