150
5988
109 141
109 18
109 2
109 52
109 90
109 99
109 76
109 4
109 149
109 37
109 25
109 108
109 23
109 71
109 48
109 11
109 70
109 32
109 64
109 21
109 112
109 40
109 103
109 88
109 26
109 121
109 3
109 89
109 45
109 9
109 77
109 72
109 91
109 120
109 57
109 39
109 8
109 79
109 104
109 34
109 22
109 113
109 81
109 14
109 75
109 13
109 59
109 114
109 143
109 124
109 84
109 56
109 118
109 43
109 111
109 7
109 53
109 144
109 138
109 15
109 54
109 83
109 69
109 55
109 73
109 115
109 146
109 126
109 49
109 85
109 137
109 10
109 31
109 33
109 145
109 117
109 35
109 61
109 101
109 95
109 148
141 18
141 2
141 52
141 76
141 4
141 130
141 66
141 132
141 23
141 71
141 48
141 128
141 64
141 42
141 103
141 26
141 121
141 3
141 89
141 5
141 9
141 77
141 91
141 57
141 39
141 74
141 30
141 68
141 62
141 17
141 110
141 20
141 131
141 75
141 13
141 59
141 114
141 27
141 143
141 60
141 36
141 84
141 56
141 118
141 125
141 43
141 147
141 144
141 15
141 139
141 54
141 19
141 83
141 78
141 69
141 92
141 135
141 146
141 126
141 49
141 137
141 10
141 87
141 119
141 93
141 80
141 41
141 35
141 46
141 101
141 24
141 97
141 95
141 148
18 2
18 52
18 90
18 99
18 76
18 149
18 66
18 132
18 37
18 102
18 65
18 71
18 48
18 70
18 32
18 64
18 21
18 47
18 42
18 112
18 40
18 103
18 88
18 26
18 94
18 121
18 3
18 89
18 28
18 5
18 150
18 29
18 77
18 120
18 82
18 116
18 57
18 39
18 98
18 8
18 74
18 79
18 68
18 62
18 17
18 104
18 34
18 96
18 113
18 81
18 14
18 131
18 13
18 142
18 86
18 59
18 114
18 36
18 118
18 111
18 7
18 107
18 50
18 147
18 15
18 127
18 19
18 83
18 73
18 115
18 146
18 16
18 49
18 10
18 31
18 38
18 33
18 129
18 100
18 119
18 93
18 80
18 41
18 35
18 106
18 46
18 97
18 6
136 4
136 130
136 66
136 132
136 37
136 65
136 71
136 48
136 11
136 70
136 42
136 88
136 3
136 45
136 9
136 150
136 123
136 57
136 39
136 8
136 74
136 79
136 30
136 134
136 17
136 34
136 22
136 110
136 20
136 96
136 113
136 81
136 14
136 131
136 75
136 13
136 142
136 86
136 59
136 27
136 60
136 124
136 84
136 56
136 43
136 50
136 53
136 138
136 15
136 139
136 83
136 133
136 55
136 73
136 92
136 146
136 16
136 126
136 85
136 137
136 10
136 87
136 33
136 12
136 100
136 119
136 145
136 41
136 35
136 105
136 61
136 106
136 46
136 101
136 24
136 44
136 148
2 99
2 76
2 4
2 149
2 102
2 65
2 128
2 64
2 21
2 47
2 26
2 45
2 9
2 150
2 29
2 77
2 123
2 91
2 116
2 57
2 8
2 30
2 68
2 62
2 17
2 104
2 22
2 20
2 96
2 113
2 13
2 86
2 143
2 60
2 36
2 124
2 118
2 107
2 1
2 147
2 15
2 139
2 83
2 133
2 55
2 92
2 122
2 146
2 16
2 38
2 33
2 12
2 129
2 145
2 140
2 58
2 117
2 41
2 35
2 105
2 61
2 6
52 90
52 99
52 76
52 4
52 130
52 149
52 132
52 37
52 102
52 25
52 23
52 71
52 48
52 11
52 32
52 64
52 42
52 112
52 40
52 103
52 26
52 121
52 3
52 89
52 28
52 45
52 29
52 77
52 123
52 120
52 82
52 116
52 8
52 79
52 30
52 68
52 62
52 17
52 34
52 110
52 96
52 113
52 75
52 63
52 142
52 27
52 143
52 60
52 36
52 124
52 56
52 125
52 43
52 111
52 7
52 107
52 1
52 53
52 147
52 144
52 138
52 15
52 139
52 19
52 83
52 133
52 69
52 55
52 115
52 122
52 16
52 126
52 85
52 87
52 38
52 33
52 129
52 100
52 119
52 93
52 145
52 58
52 117
52 35
52 105
52 61
52 106
52 97
52 44
52 95
52 6
90 99
90 76
90 130
90 149
90 132
90 25
90 108
90 71
90 48
90 128
90 70
90 64
90 21
90 47
90 112
90 40
90 103
90 26
90 94
90 121
90 89
90 28
90 45
90 9
90 150
90 29
90 77
90 72
90 120
90 57
90 98
90 79
90 30
90 68
90 134
90 62
90 104
90 22
90 110
90 14
90 75
90 63
90 86
90 143
90 60
90 84
90 56
90 118
90 125
90 111
90 50
90 15
90 127
90 67
90 83
90 69
90 73
90 135
90 16
90 126
90 49
90 85
90 31
90 87
90 38
90 33
90 12
90 129
90 117
90 80
90 41
90 105
90 46
90 101
90 44
90 6
99 76
99 4
99 130
99 149
99 66
99 132
99 102
99 25
99 65
99 108
99 23
99 71
99 48
99 11
99 32
99 64
99 21
99 47
99 42
99 112
99 40
99 94
99 121
99 3
99 28
99 45
99 9
99 150
99 77
99 123
99 72
99 116
99 57
99 39
99 79
99 30
99 68
99 134
99 62
99 22
99 110
99 20
99 96
99 81
99 14
99 131
99 13
99 27
99 143
99 36
99 84
99 56
99 125
99 111
99 1
99 138
99 15
99 78
99 133
99 69
99 55
99 73
99 122
99 146
99 16
99 126
99 10
99 31
99 38
99 100
99 140
99 58
99 117
99 41
99 35
99 105
99 61
99 46
99 101
99 97
99 44
99 95
99 6
76 4
76 66
76 132
76 102
76 25
76 71
76 11
76 70
76 32
76 64
76 47
76 26
76 94
76 3
76 89
76 45
76 9
76 150
76 77
76 123
76 82
76 116
76 57
76 98
76 79
76 30
76 17
76 104
76 22
76 110
76 20
76 96
76 113
76 81
76 131
76 142
76 114
76 124
76 84
76 118
76 43
76 111
76 7
76 15
76 139
76 54
76 19
76 133
76 69
76 135
76 16
76 126
76 49
76 10
76 129
76 93
76 58
76 80
76 105
76 61
76 106
76 46
76 101
76 97
76 6
76 148
4 149
4 132
4 37
4 102
4 25
4 65
4 23
4 48
4 128
4 32
4 21
4 47
4 42
4 112
4 40
4 88
4 26
4 121
4 3
4 89
4 28
4 45
4 5
4 9
4 77
4 123
4 72
4 91
4 82
4 116
4 57
4 98
4 8
4 79
4 30
4 68
4 62
4 17
4 104
4 34
4 110
4 20
4 96
4 113
4 81
4 131
4 75
4 63
4 13
4 142
4 124
4 84
4 43
4 111
4 50
4 147
4 144
4 138
4 15
4 127
4 139
4 19
4 83
4 78
4 133
4 69
4 55
4 92
4 135
4 122
4 16
4 126
4 137
4 10
4 33
4 12
4 129
4 100
4 119
4 140
4 117
4 35
4 105
4 61
4 106
4 24
4 44
130 149
130 132
130 37
130 108
130 23
130 48
130 128
130 64
130 47
130 42
130 112
130 40
130 103
130 88
130 26
130 94
130 121
130 3
130 28
130 5
130 29
130 77
130 123
130 72
130 120
130 82
130 116
130 57
130 39
130 98
130 8
130 30
130 68
130 62
130 34
130 22
130 20
130 81
130 131
130 142
130 143
130 60
130 36
130 56
130 111
130 1
130 50
130 53
130 138
130 127
130 54
130 67
130 78
130 73
130 115
130 135
130 122
130 146
130 16
130 126
130 51
130 137
130 10
130 31
130 129
130 93
130 145
130 117
130 105
130 61
130 106
130 97
130 6
130 148
149 66
149 37
149 102
149 25
149 65
149 108
149 23
149 48
149 11
149 70
149 32
149 64
149 21
149 47
149 40
149 88
149 26
149 121
149 89
149 28
149 45
149 5
149 29
149 77
149 72
149 91
149 120
149 82
149 57
149 39
149 8
149 30
149 62
149 17
149 104
149 34
149 131
149 75
149 13
149 142
149 59
149 36
149 124
149 56
149 43
149 111
149 7
149 50
149 147
149 138
149 139
149 54
149 19
149 83
149 78
149 69
149 55
149 92
149 135
149 122
149 49
149 51
149 10
149 31
149 33
149 12
149 129
149 100
149 46
149 101
149 24
149 97
149 148
66 132
66 37
66 102
66 25
66 65
66 23
66 71
66 48
66 70
66 32
66 64
66 21
66 47
66 42
66 103
66 26
66 94
66 121
66 3
66 28
66 45
66 5
66 9
66 150
66 29
66 77
66 72
66 91
66 120
66 82
66 116
66 57
66 39
66 79
66 68
66 134
66 104
66 34
66 22
66 113
66 81
66 131
66 75
66 143
66 124
66 84
66 56
66 111
66 7
66 107
66 50
66 53
66 147
66 15
66 127
66 139
66 54
66 19
66 67
66 78
66 133
66 55
66 73
66 16
66 126
66 10
66 31
66 129
66 100
66 145
66 58
66 80
66 35
66 61
66 101
66 44
66 148
132 37
132 102
132 25
132 71
132 48
132 128
132 21
132 47
132 42
132 112
132 103
132 121
132 89
132 28
132 45
132 5
132 29
132 77
132 72
132 91
132 120
132 82
132 116
132 57
132 39
132 98
132 8
132 74
132 68
132 134
132 17
132 22
132 110
132 113
132 81
132 14
132 75
132 63
132 86
132 59
132 114
132 36
132 84
132 43
132 111
132 7
132 107
132 1
132 53
132 138
132 15
132 127
132 54
132 19
132 83
132 78
132 133
132 69
132 55
132 146
132 126
132 85
132 137
132 10
132 87
132 129
132 145
132 117
132 41
132 105
132 106
132 46
132 24
132 44
132 95
132 6
132 148
37 25
37 65
37 23
37 48
37 11
37 128
37 32
37 64
37 21
37 47
37 103
37 88
37 26
37 94
37 121
37 3
37 89
37 28
37 45
37 5
37 9
37 150
37 29
37 123
37 91
37 120
37 57
37 98
37 30
37 134
37 34
37 110
37 14
37 131
37 63
37 13
37 86
37 27
37 60
37 124
37 56
37 111
37 107
37 53
37 144
37 127
37 67
37 133
37 73
37 92
37 122
37 31
37 38
37 33
37 119
37 140
37 58
37 117
37 41
37 105
37 46
37 101
37 6
102 25
102 108
102 23
102 71
102 48
102 64
102 21
102 47
102 42
102 103
102 88
102 26
102 121
102 3
102 28
102 45
102 9
102 150
102 29
102 77
102 72
102 120
102 116
102 57
102 98
102 8
102 134
102 22
102 14
102 13
102 142
102 59
102 143
102 124
102 84
102 56
102 118
102 125
102 43
102 111
102 107
102 1
102 147
102 139
102 54
102 19
102 67
102 78
102 69
102 55
102 73
102 122
102 49
102 137
102 31
102 38
102 33
102 12
102 100
102 145
102 41
102 61
102 46
102 6
25 65
25 23
25 48
25 11
25 70
25 32
25 21
25 47
25 42
25 112
25 40
25 103
25 94
25 121
25 3
25 89
25 28
25 45
25 9
25 150
25 29
25 77
25 123
25 72
25 120
25 116
25 57
25 39
25 98
25 134
25 62
25 17
25 22
25 110
25 20
25 81
25 14
25 131
25 75
25 13
25 142
25 59
25 143
25 36
25 124
25 84
25 56
25 118
25 43
25 7
25 1
25 144
25 54
25 67
25 78
25 69
25 92
25 135
25 146
25 16
25 126
25 85
25 10
25 87
25 38
25 33
25 12
25 145
25 140
25 80
25 41
25 105
25 106
25 46
25 101
25 24
25 95
25 6
25 148
65 71
65 48
65 64
65 47
65 42
65 94
65 45
65 77
65 91
65 82
65 39
65 98
65 68
65 134
65 17
65 104
65 22
65 113
65 14
65 131
65 13
65 114
65 60
65 36
65 124
65 56
65 43
65 7
65 107
65 1
65 53
65 144
65 138
65 127
65 54
65 19
65 67
65 83
65 133
65 69
65 55
65 73
65 92
65 115
65 122
65 49
65 85
65 51
65 137
65 10
65 129
65 100
65 119
65 145
65 58
65 117
65 35
65 105
65 101
65 6
65 148
108 23
108 71
108 11
108 70
108 32
108 64
108 21
108 47
108 42
108 40
108 103
108 94
108 121
108 3
108 89
108 28
108 45
108 5
108 150
108 77
108 72
108 120
108 82
108 116
108 57
108 98
108 17
108 34
108 110
108 20
108 81
108 14
108 75
108 142
108 59
108 36
108 124
108 84
108 7
108 107
108 50
108 53
108 147
108 144
108 127
108 54
108 67
108 133
108 69
108 55
108 92
108 115
108 135
108 122
108 16
108 126
108 49
108 85
108 137
108 87
108 33
108 12
108 129
108 100
108 119
108 145
108 117
108 80
108 41
108 35
108 105
108 106
108 46
108 101
23 71
23 11
23 70
23 32
23 64
23 21
23 47
23 40
23 103
23 26
23 94
23 121
23 89
23 28
23 5
23 29
23 77
23 72
23 120
23 82
23 116
23 39
23 8
23 79
23 68
23 62
23 104
23 34
23 22
23 110
23 20
23 113
23 14
23 75
23 63
23 142
23 86
23 114
23 27
23 143
23 60
23 124
23 84
23 56
23 118
23 111
23 7
23 1
23 50
23 53
23 144
23 139
23 54
23 78
23 133
23 69
23 92
23 146
23 85
23 87
23 33
23 100
23 145
23 140
23 58
23 41
23 35
23 105
23 61
23 46
23 101
23 95
23 6
23 148
71 48
71 11
71 70
71 32
71 64
71 21
71 42
71 40
71 103
71 88
71 45
71 5
71 150
71 72
71 91
71 57
71 74
71 79
71 134
71 62
71 104
71 34
71 22
71 110
71 20
71 96
71 14
71 131
71 75
71 13
71 86
71 114
71 27
71 143
71 118
71 125
71 43
71 7
71 107
71 15
71 139
71 19
71 67
71 83
71 78
71 133
71 55
71 73
71 115
71 135
71 122
71 16
71 49
71 85
71 51
71 31
71 33
71 129
71 93
71 145
71 58
71 117
71 80
71 41
71 105
71 61
71 101
71 24
71 97
71 95
48 11
48 70
48 32
48 64
48 21
48 47
48 112
48 94
48 121
48 3
48 89
48 28
48 45
48 150
48 29
48 77
48 72
48 120
48 82
48 116
48 57
48 8
48 79
48 30
48 68
48 134
48 62
48 104
48 34
48 22
48 20
48 96
48 113
48 14
48 142
48 114
48 27
48 143
48 124
48 56
48 111
48 107
48 147
48 15
48 54
48 19
48 67
48 92
48 146
48 16
48 126
48 49
48 85
48 87
48 33
48 129
48 140
48 58
48 80
48 41
48 105
48 61
48 106
48 46
48 101
48 44
11 128
11 70
11 32
11 47
11 40
11 103
11 88
11 94
11 121
11 3
11 28
11 45
11 9
11 29
11 77
11 123
11 72
11 91
11 120
11 116
11 57
11 98
11 8
11 74
11 79
11 30
11 68
11 134
11 104
11 110
11 20
11 96
11 113
11 14
11 75
11 142
11 86
11 114
11 124
11 56
11 118
11 125
11 43
11 7
11 53
11 138
11 15
11 127
11 54
11 19
11 83
11 78
11 133
11 73
11 92
11 115
11 122
11 126
11 49
11 137
11 31
11 87
11 38
11 100
11 93
11 145
11 140
11 80
11 41
11 46
11 101
11 24
11 6
128 64
128 21
128 47
128 42
128 40
128 26
128 94
128 3
128 28
128 45
128 5
128 150
128 29
128 77
128 72
128 91
128 120
128 82
128 116
128 57
128 39
128 8
128 74
128 79
128 104
128 20
128 81
128 63
128 142
128 86
128 143
128 84
128 118
128 125
128 43
128 111
128 7
128 1
128 147
128 138
128 127
128 139
128 54
128 19
128 67
128 83
128 78
128 73
128 92
128 135
128 122
128 146
128 16
128 126
128 51
128 10
128 87
128 38
128 12
128 129
128 100
128 93
128 145
128 58
128 117
128 41
128 35
128 105
128 61
128 24
128 95
70 21
70 47
70 42
70 103
70 26
70 94
70 121
70 3
70 28
70 5
70 123
70 82
70 57
70 98
70 74
70 30
70 68
70 62
70 20
70 96
70 113
70 81
70 14
70 131
70 13
70 142
70 86
70 27
70 60
70 36
70 124
70 84
70 111
70 7
70 53
70 144
70 138
70 139
70 19
70 67
70 78
70 133
70 73
70 92
70 135
70 146
70 137
70 10
70 31
70 87
70 38
70 33
70 129
70 119
70 145
70 140
70 58
70 80
70 105
70 61
70 106
70 101
70 97
70 95
70 6
70 148
32 64
32 42
32 40
32 103
32 88
32 26
32 94
32 3
32 89
32 45
32 5
32 150
32 29
32 77
32 123
32 72
32 91
32 120
32 116
32 57
32 98
32 8
32 79
32 30
32 68
32 134
32 17
32 104
32 20
32 96
32 81
32 14
32 131
32 13
32 59
32 114
32 143
32 124
32 84
32 118
32 125
32 1
32 50
32 53
32 127
32 54
32 19
32 67
32 83
32 92
32 115
32 122
32 16
32 126
32 85
32 87
32 38
32 12
32 129
32 100
32 119
32 93
32 140
32 117
32 80
32 41
32 105
32 24
32 97
32 148
64 21
64 47
64 42
64 112
64 103
64 88
64 3
64 89
64 9
64 29
64 123
64 91
64 120
64 116
64 57
64 98
64 8
64 79
64 134
64 62
64 104
64 34
64 20
64 96
64 113
64 14
64 13
64 143
64 36
64 56
64 118
64 125
64 111
64 1
64 147
64 144
64 138
64 127
64 54
64 69
64 73
64 115
64 135
64 122
64 146
64 85
64 51
64 31
64 33
64 12
64 129
64 100
64 93
64 140
64 117
64 41
64 105
64 61
64 46
64 97
64 95
64 6
64 148
21 47
21 112
21 103
21 94
21 121
21 3
21 89
21 28
21 45
21 5
21 9
21 150
21 29
21 77
21 123
21 91
21 120
21 82
21 39
21 8
21 30
21 62
21 104
21 34
21 22
21 20
21 81
21 75
21 142
21 27
21 143
21 60
21 118
21 111
21 7
21 107
21 15
21 127
21 19
21 83
21 115
21 135
21 146
21 16
21 126
21 51
21 87
21 38
21 33
21 129
21 93
21 145
21 140
21 58
21 80
21 41
21 106
21 46
21 95
21 6
47 3
47 28
47 45
47 5
47 150
47 29
47 77
47 123
47 72
47 91
47 82
47 116
47 57
47 39
47 98
47 8
47 74
47 30
47 68
47 134
47 62
47 104
47 110
47 96
47 81
47 131
47 75
47 63
47 142
47 86
47 59
47 114
47 27
47 60
47 36
47 56
47 43
47 7
47 107
47 53
47 144
47 15
47 127
47 139
47 54
47 19
47 69
47 73
47 115
47 135
47 122
47 146
47 49
47 51
47 10
47 38
47 129
47 119
47 93
47 58
47 105
47 46
47 24
47 44
47 95
47 148
42 40
42 103
42 26
42 94
42 3
42 89
42 45
42 5
42 150
42 29
42 77
42 123
42 72
42 82
42 116
42 57
42 30
42 68
42 134
42 62
42 17
42 34
42 20
42 96
42 113
42 131
42 59
42 114
42 27
42 36
42 124
42 84
42 111
42 107
42 53
42 15
42 139
42 54
42 19
42 67
42 133
42 69
42 73
42 92
42 115
42 135
42 122
42 146
42 49
42 51
42 137
42 10
42 31
42 38
42 33
42 12
42 100
42 119
42 93
42 145
42 140
42 58
42 117
42 35
42 105
42 106
42 24
42 97
112 88
112 26
112 94
112 3
112 89
112 28
112 9
112 150
112 29
112 77
112 91
112 120
112 82
112 116
112 57
112 98
112 79
112 30
112 134
112 62
112 17
112 34
112 20
112 96
112 113
112 63
112 142
112 27
112 124
112 84
112 56
112 118
112 7
112 107
112 53
112 144
112 138
112 15
112 127
112 139
112 19
112 67
112 83
112 133
112 69
112 55
112 92
112 115
112 135
112 126
112 49
112 87
112 38
112 33
112 129
112 117
112 80
112 41
112 105
112 61
112 46
112 101
112 24
112 97
40 26
40 94
40 3
40 45
40 5
40 150
40 72
40 91
40 120
40 116
40 57
40 98
40 79
40 30
40 68
40 134
40 62
40 34
40 22
40 20
40 96
40 81
40 14
40 63
40 13
40 59
40 143
40 56
40 43
40 111
40 107
40 1
40 144
40 15
40 127
40 139
40 54
40 19
40 69
40 73
40 92
40 146
40 126
40 49
40 87
40 38
40 33
40 129
40 100
40 119
40 93
40 117
40 80
40 105
40 61
40 24
40 97
40 44
40 95
103 26
103 94
103 121
103 3
103 89
103 28
103 5
103 9
103 150
103 29
103 77
103 72
103 91
103 120
103 116
103 57
103 74
103 104
103 20
103 81
103 14
103 131
103 75
103 63
103 86
103 114
103 143
103 36
103 124
103 84
103 56
103 7
103 107
103 53
103 147
103 144
103 139
103 54
103 133
103 135
103 122
103 146
103 16
103 126
103 85
103 31
103 87
103 100
103 93
103 80
103 35
103 61
103 106
103 46
103 44
103 6
103 148
88 94
88 3
88 28
88 45
88 5
88 9
88 77
88 91
88 120
88 116
88 39
88 98
88 74
88 79
88 30
88 134
88 62
88 104
88 34
88 22
88 20
88 96
88 113
88 81
88 131
88 63
88 114
88 27
88 143
88 124
88 84
88 125
88 43
88 111
88 7
88 50
88 53
88 147
88 138
88 67
88 83
88 78
88 69
88 73
88 122
88 146
88 16
88 51
88 38
88 33
88 12
88 100
88 145
88 58
88 117
88 80
88 35
88 106
88 101
88 97
88 44
88 95
88 148
26 121
26 89
26 28
26 45
26 5
26 9
26 150
26 29
26 77
26 123
26 91
26 120
26 57
26 98
26 79
26 68
26 134
26 62
26 110
26 20
26 96
26 113
26 59
26 124
26 118
26 43
26 111
26 7
26 107
26 50
26 15
26 127
26 19
26 83
26 78
26 133
26 55
26 73
26 146
26 16
26 10
26 31
26 38
26 33
26 12
26 100
26 119
26 93
26 140
26 58
26 106
26 46
26 97
26 44
26 148
94 121
94 3
94 89
94 28
94 45
94 5
94 9
94 29
94 77
94 91
94 82
94 116
94 57
94 39
94 30
94 68
94 134
94 104
94 34
94 22
94 20
94 113
94 81
94 14
94 142
94 86
94 114
94 27
94 36
94 124
94 84
94 125
94 43
94 7
94 107
94 1
94 53
94 144
94 15
94 139
94 19
94 67
94 78
94 133
94 55
94 73
94 115
94 122
94 126
94 49
94 137
94 87
94 33
94 129
94 100
94 119
94 93
94 140
94 35
94 24
94 44
94 148
121 3
121 28
121 45
121 9
121 150
121 77
121 72
121 91
121 120
121 116
121 57
121 39
121 8
121 134
121 62
121 17
121 34
121 110
121 20
121 14
121 75
121 13
121 86
121 59
121 114
121 143
121 60
121 124
121 118
121 125
121 43
121 111
121 107
121 1
121 53
121 147
121 144
121 15
121 139
121 83
121 133
121 73
121 115
121 146
121 126
121 49
121 85
121 51
121 10
121 31
121 87
121 33
121 12
121 129
121 93
121 145
121 140
121 58
121 117
121 35
121 105
121 24
121 97
121 44
121 148
3 28
3 45
3 9
3 150
3 29
3 123
3 72
3 91
3 116
3 8
3 74
3 30
3 68
3 104
3 34
3 22
3 110
3 81
3 14
3 131
3 63
3 13
3 142
3 59
3 114
3 143
3 60
3 124
3 84
3 56
3 118
3 125
3 111
3 7
3 1
3 50
3 53
3 147
3 138
3 127
3 139
3 54
3 19
3 83
3 133
3 92
3 115
3 135
3 122
3 146
3 16
3 49
3 51
3 137
3 87
3 58
3 80
3 41
3 106
3 101
3 97
3 44
3 95
89 45
89 5
89 9
89 150
89 77
89 123
89 120
89 82
89 116
89 57
89 39
89 74
89 30
89 134
89 17
89 34
89 22
89 113
89 131
89 75
89 13
89 86
89 27
89 36
89 124
89 125
89 111
89 7
89 107
89 50
89 144
89 138
89 139
89 83
89 133
89 55
89 92
89 135
89 16
89 126
89 49
89 10
89 31
89 12
89 119
89 140
89 58
89 117
89 41
89 105
89 61
89 46
89 44
89 148
28 45
28 5
28 9
28 150
28 29
28 77
28 72
28 120
28 116
28 57
28 39
28 98
28 79
28 134
28 62
28 17
28 22
28 20
28 96
28 81
28 14
28 75
28 13
28 59
28 114
28 27
28 143
28 124
28 125
28 43
28 7
28 107
28 1
28 50
28 53
28 147
28 144
28 138
28 15
28 127
28 67
28 83
28 69
28 122
28 51
28 137
28 31
28 38
28 33
28 100
28 119
28 140
28 58
28 117
28 80
28 41
28 105
28 61
28 106
28 46
28 101
28 24
28 97
28 44
45 9
45 150
45 29
45 77
45 120
45 116
45 57
45 8
45 74
45 79
45 30
45 134
45 104
45 110
45 20
45 96
45 14
45 75
45 59
45 27
45 143
45 60
45 124
45 84
45 111
45 7
45 53
45 138
45 15
45 139
45 67
45 78
45 133
45 55
45 92
45 115
45 122
45 38
45 33
45 129
45 100
45 119
45 93
45 140
45 58
45 41
45 35
45 61
45 24
45 97
45 6
45 148
5 150
5 116
5 57
5 74
5 68
5 134
5 104
5 110
5 96
5 113
5 81
5 14
5 63
5 142
5 86
5 59
5 114
5 27
5 118
5 125
5 43
5 111
5 1
5 50
5 53
5 147
5 144
5 138
5 15
5 127
5 139
5 54
5 19
5 67
5 78
5 55
5 92
5 122
5 16
5 126
5 137
5 10
5 145
5 58
5 117
5 35
5 106
5 101
5 24
5 44
5 6
9 150
9 77
9 123
9 120
9 57
9 79
9 134
9 104
9 22
9 110
9 20
9 96
9 113
9 131
9 60
9 1
9 53
9 138
9 127
9 133
9 73
9 115
9 126
9 85
9 137
9 10
9 31
9 87
9 119
9 93
9 140
9 58
9 117
9 41
9 35
9 46
9 97
9 148
150 77
150 120
150 82
150 98
150 8
150 74
150 68
150 134
150 62
150 104
150 34
150 22
150 110
150 20
150 113
150 14
150 131
150 63
150 13
150 60
150 56
150 118
150 125
150 111
150 7
150 50
150 144
150 15
150 127
150 67
150 83
150 78
150 133
150 55
150 73
150 115
150 146
150 126
150 49
150 137
150 10
150 87
150 12
150 93
150 145
150 140
150 117
150 80
150 105
150 61
150 95
150 6
29 77
29 123
29 72
29 82
29 116
29 57
29 39
29 8
29 68
29 62
29 17
29 34
29 22
29 110
29 14
29 131
29 63
29 142
29 86
29 60
29 124
29 84
29 56
29 118
29 43
29 7
29 147
29 138
29 127
29 139
29 54
29 83
29 92
29 49
29 51
29 10
29 31
29 87
29 33
29 12
29 129
29 93
29 140
29 80
29 35
29 106
29 46
29 44
29 6
29 148
77 72
77 91
77 120
77 82
77 116
77 57
77 74
77 79
77 68
77 134
77 62
77 17
77 22
77 110
77 20
77 113
77 81
77 14
77 63
77 142
77 86
77 59
77 27
77 143
77 60
77 36
77 124
77 43
77 111
77 50
77 53
77 138
77 127
77 139
77 54
77 83
77 73
77 122
77 16
77 49
77 137
77 10
77 31
77 129
77 100
77 145
77 140
77 117
77 41
77 35
77 46
77 97
77 44
123 72
123 82
123 57
123 98
123 8
123 74
123 68
123 134
123 17
123 104
123 22
123 110
123 20
123 96
123 113
123 81
123 14
123 131
123 63
123 142
123 86
123 59
123 114
123 143
123 60
123 84
123 56
123 118
123 125
123 43
123 111
123 7
123 107
123 53
123 144
123 138
123 127
123 139
123 54
123 19
123 67
123 83
123 133
123 69
123 55
123 92
123 115
123 122
123 146
123 126
123 49
123 85
123 51
123 87
123 33
123 129
123 145
123 140
123 58
123 80
123 41
123 35
123 105
123 61
123 106
123 46
123 24
123 148
72 91
72 120
72 116
72 57
72 68
72 134
72 62
72 104
72 34
72 22
72 20
72 96
72 14
72 131
72 75
72 142
72 27
72 36
72 124
72 84
72 118
72 125
72 43
72 111
72 7
72 107
72 1
72 53
72 147
72 138
72 15
72 127
72 139
72 54
72 67
72 133
72 55
72 92
72 115
72 135
72 122
72 146
72 16
72 126
72 49
72 85
72 137
72 10
72 31
72 38
72 12
72 129
72 145
72 140
72 58
72 35
72 105
72 61
72 46
72 101
72 24
72 44
91 120
91 82
91 116
91 39
91 98
91 8
91 74
91 79
91 68
91 134
91 62
91 22
91 20
91 113
91 63
91 13
91 59
91 36
91 124
91 56
91 118
91 43
91 107
91 50
91 53
91 138
91 54
91 19
91 83
91 92
91 115
91 16
91 85
91 137
91 12
91 100
91 119
91 93
91 58
91 61
91 106
91 46
91 101
91 24
91 97
91 44
91 95
91 148
120 82
120 74
120 79
120 30
120 134
120 62
120 104
120 34
120 22
120 20
120 96
120 113
120 131
120 13
120 142
120 60
120 36
120 56
120 118
120 125
120 43
120 7
120 107
120 50
120 147
120 139
120 19
120 67
120 78
120 55
120 73
120 92
120 135
120 122
120 146
120 16
120 85
120 51
120 137
120 10
120 31
120 87
120 33
120 12
120 93
120 140
120 41
120 35
120 105
120 46
120 24
120 97
120 95
120 6
82 57
82 98
82 74
82 30
82 134
82 62
82 17
82 104
82 20
82 96
82 14
82 131
82 75
82 63
82 13
82 86
82 59
82 27
82 143
82 36
82 124
82 56
82 118
82 125
82 43
82 7
82 107
82 147
82 144
82 138
82 15
82 127
82 139
82 54
82 19
82 133
82 69
82 92
82 146
82 16
82 51
82 10
82 31
82 87
82 38
82 33
82 12
82 129
82 100
82 119
82 93
82 140
82 58
82 117
82 80
82 41
82 35
82 105
82 61
82 106
82 46
82 101
82 24
82 97
82 44
82 95
82 6
116 57
116 98
116 74
116 79
116 62
116 17
116 81
116 14
116 131
116 75
116 142
116 86
116 59
116 114
116 60
116 36
116 124
116 7
116 107
116 1
116 147
116 144
116 138
116 127
116 67
116 78
116 69
116 146
116 126
116 49
116 51
116 10
116 87
116 33
116 12
116 129
116 100
116 119
116 93
116 61
116 24
116 97
116 95
116 6
57 74
57 68
57 17
57 34
57 22
57 110
57 20
57 96
57 113
57 14
57 75
57 63
57 13
57 142
57 143
57 84
57 56
57 118
57 125
57 111
57 7
57 1
57 53
57 144
57 138
57 127
57 139
57 19
57 83
57 78
57 133
57 55
57 92
57 115
57 135
57 122
57 146
57 49
57 137
57 10
57 87
57 38
57 129
57 93
57 145
57 140
57 35
57 105
57 61
57 106
57 46
57 101
57 24
57 95
57 6
57 148
39 98
39 8
39 68
39 134
39 17
39 104
39 22
39 81
39 14
39 75
39 86
39 59
39 27
39 143
39 36
39 118
39 125
39 7
39 107
39 1
39 50
39 147
39 138
39 139
39 54
39 19
39 83
39 78
39 55
39 92
39 115
39 146
39 49
39 85
39 137
39 10
39 38
39 12
39 129
39 100
39 140
39 58
39 41
39 35
39 105
39 61
39 101
39 97
39 95
39 148
98 74
98 79
98 134
98 62
98 110
98 20
98 96
98 113
98 81
98 131
98 13
98 142
98 86
98 59
98 27
98 143
98 36
98 56
98 43
98 111
98 7
98 107
98 1
98 50
98 138
98 15
98 127
98 83
98 69
98 55
98 92
98 115
98 135
98 122
98 16
98 85
98 51
98 137
98 33
98 12
98 119
98 93
98 145
98 58
98 117
98 80
98 61
98 106
98 46
98 101
98 24
98 97
98 44
98 95
8 74
8 79
8 68
8 134
8 104
8 34
8 22
8 110
8 96
8 113
8 81
8 14
8 131
8 75
8 63
8 13
8 59
8 114
8 27
8 143
8 60
8 124
8 118
8 43
8 7
8 147
8 138
8 15
8 127
8 67
8 73
8 115
8 122
8 146
8 16
8 126
8 85
8 51
8 137
8 87
8 38
8 33
8 12
8 129
8 100
8 145
8 58
8 117
8 41
8 35
8 105
8 61
8 106
74 79
74 30
74 62
74 17
74 104
74 34
74 22
74 110
74 20
74 14
74 75
74 63
74 13
74 59
74 114
74 27
74 143
74 60
74 36
74 84
74 56
74 111
74 7
74 1
74 50
74 53
74 139
74 54
74 19
74 83
74 69
74 55
74 73
74 92
74 115
74 122
74 146
74 16
74 126
74 10
74 12
74 129
74 145
74 140
74 58
74 117
74 61
74 46
74 24
74 6
74 148
79 134
79 62
79 104
79 110
79 96
79 113
79 75
79 13
79 59
79 27
79 143
79 60
79 124
79 118
79 43
79 111
79 7
79 1
79 53
79 147
79 15
79 127
79 139
79 54
79 67
79 78
79 73
79 115
79 126
79 49
79 137
79 31
79 87
79 93
79 140
79 58
79 35
79 105
79 101
79 24
79 97
79 6
79 148
30 68
30 104
30 34
30 22
30 20
30 96
30 13
30 114
30 60
30 36
30 124
30 56
30 43
30 111
30 107
30 1
30 147
30 138
30 139
30 67
30 78
30 133
30 69
30 55
30 92
30 122
30 146
30 16
30 51
30 31
30 87
30 33
30 12
30 100
30 117
30 41
30 35
30 61
30 101
30 24
30 44
30 95
68 134
68 62
68 104
68 34
68 110
68 113
68 14
68 131
68 75
68 63
68 142
68 86
68 59
68 114
68 27
68 143
68 60
68 36
68 124
68 84
68 56
68 118
68 43
68 107
68 50
68 53
68 147
68 144
68 15
68 127
68 19
68 67
68 83
68 78
68 55
68 73
68 92
68 16
68 49
68 85
68 51
68 137
68 87
68 38
68 129
68 100
68 93
68 140
68 58
68 117
68 41
68 105
68 61
68 101
68 97
68 95
68 148
134 62
134 34
134 22
134 110
134 20
134 96
134 113
134 81
134 131
134 13
134 142
134 59
134 114
134 27
134 36
134 124
134 84
134 56
134 118
134 125
134 107
134 1
134 147
134 139
134 54
134 133
134 55
134 135
134 122
134 146
134 126
134 49
134 85
134 137
134 10
134 38
134 33
134 129
134 100
134 93
134 80
134 41
134 35
134 105
134 106
134 46
134 97
134 95
134 6
62 17
62 104
62 34
62 110
62 20
62 113
62 81
62 131
62 63
62 142
62 86
62 59
62 114
62 27
62 84
62 118
62 125
62 43
62 107
62 1
62 144
62 138
62 139
62 69
62 16
62 49
62 85
62 51
62 137
62 31
62 87
62 38
62 33
62 12
62 129
62 145
62 117
62 80
62 61
62 106
62 24
62 44
62 95
62 6
62 148
17 104
17 110
17 20
17 96
17 81
17 14
17 131
17 63
17 13
17 86
17 27
17 143
17 60
17 36
17 84
17 56
17 118
17 125
17 43
17 111
17 7
17 50
17 147
17 127
17 54
17 19
17 67
17 69
17 55
17 135
17 16
17 85
17 51
17 137
17 31
17 87
17 33
17 12
17 145
17 140
17 58
17 80
17 41
17 35
17 101
17 97
17 44
17 95
104 34
104 22
104 110
104 20
104 113
104 81
104 14
104 131
104 75
104 63
104 142
104 59
104 27
104 60
104 36
104 124
104 84
104 56
104 118
104 43
104 111
104 107
104 1
104 144
104 138
104 139
104 54
104 19
104 67
104 133
104 73
104 92
104 122
104 146
104 137
104 87
104 33
104 129
104 100
104 93
104 145
104 140
104 117
104 35
104 105
104 61
104 101
104 24
104 95
104 148
34 22
34 110
34 20
34 96
34 113
34 75
34 63
34 142
34 86
34 59
34 114
34 27
34 36
34 124
34 56
34 118
34 111
34 107
34 53
34 144
34 127
34 19
34 67
34 78
34 133
34 55
34 92
34 115
34 135
34 126
34 51
34 137
34 10
34 33
34 100
34 145
34 58
34 117
34 80
34 35
34 105
34 106
34 46
34 44
34 95
34 6
22 110
22 20
22 96
22 113
22 81
22 14
22 13
22 86
22 59
22 114
22 36
22 124
22 84
22 56
22 125
22 107
22 1
22 53
22 147
22 138
22 15
22 54
22 67
22 83
22 78
22 55
22 92
22 115
22 135
22 122
22 16
22 49
22 85
22 137
22 31
22 33
22 129
22 93
22 145
22 140
22 117
22 41
22 46
22 101
22 97
22 44
22 6
110 20
110 96
110 113
110 81
110 14
110 75
110 142
110 59
110 114
110 27
110 143
110 36
110 124
110 84
110 118
110 125
110 111
110 7
110 1
110 50
110 53
110 138
110 15
110 127
110 139
110 54
110 67
110 83
110 78
110 69
110 55
110 92
110 135
110 49
110 85
110 137
110 10
110 31
110 38
110 33
110 12
110 100
110 119
110 93
110 145
110 140
110 117
110 80
110 41
110 35
110 105
110 61
110 46
110 24
110 97
110 95
110 6
20 96
20 113
20 81
20 14
20 131
20 75
20 63
20 142
20 59
20 114
20 27
20 60
20 36
20 124
20 84
20 118
20 125
20 43
20 7
20 50
20 53
20 144
20 138
20 127
20 139
20 54
20 67
20 78
20 69
20 73
20 135
20 122
20 146
20 16
20 126
20 49
20 10
20 38
20 12
20 100
20 93
20 145
20 140
20 58
20 80
20 105
20 24
20 6
20 148
96 81
96 14
96 131
96 142
96 86
96 59
96 114
96 27
96 143
96 36
96 84
96 56
96 118
96 125
96 111
96 7
96 50
96 53
96 127
96 139
96 54
96 67
96 78
96 133
96 69
96 55
96 73
96 92
96 115
96 16
96 49
96 85
96 51
96 31
96 87
96 38
96 33
96 93
96 117
96 80
96 61
96 106
96 101
96 97
96 44
96 6
113 81
113 14
113 131
113 75
113 142
113 59
113 114
113 143
113 60
113 36
113 124
113 84
113 118
113 125
113 43
113 7
113 107
113 1
113 50
113 147
113 144
113 138
113 15
113 127
113 67
113 69
113 73
113 92
113 115
113 135
113 122
113 146
113 126
113 137
113 10
113 87
113 12
113 129
113 100
113 93
113 117
113 80
113 35
113 61
113 101
113 97
81 14
81 131
81 75
81 63
81 13
81 86
81 59
81 114
81 27
81 60
81 84
81 118
81 125
81 43
81 111
81 7
81 107
81 1
81 50
81 53
81 147
81 144
81 138
81 15
81 127
81 54
81 83
81 78
81 133
81 55
81 115
81 122
81 146
81 16
81 49
81 85
81 51
81 38
81 129
81 119
81 145
81 58
81 117
81 80
81 35
81 105
81 61
81 24
81 44
14 75
14 13
14 59
14 114
14 27
14 143
14 60
14 36
14 124
14 84
14 56
14 118
14 111
14 7
14 1
14 50
14 53
14 147
14 144
14 138
14 15
14 127
14 139
14 67
14 83
14 55
14 73
14 92
14 115
14 122
14 49
14 10
14 31
14 87
14 38
14 12
14 129
14 119
14 93
14 58
14 80
14 41
14 105
14 106
14 46
14 24
14 97
14 148
131 75
131 63
131 13
131 86
131 59
131 114
131 60
131 124
131 56
131 118
131 125
131 111
131 1
131 50
131 138
131 139
131 54
131 19
131 67
131 83
131 78
131 69
131 55
131 73
131 122
131 16
131 10
131 31
131 38
131 93
131 140
131 117
131 41
131 101
131 24
131 44
131 6
75 13
75 86
75 59
75 143
75 36
75 84
75 43
75 111
75 7
75 107
75 1
75 50
75 53
75 147
75 144
75 139
75 67
75 83
75 133
75 55
75 73
75 115
75 135
75 122
75 146
75 16
75 126
75 49
75 51
75 10
75 87
75 33
75 12
75 129
75 100
75 119
75 93
75 140
75 58
75 41
75 35
75 105
75 61
75 24
75 44
75 6
75 148
63 142
63 86
63 59
63 114
63 60
63 36
63 84
63 56
63 118
63 125
63 43
63 7
63 107
63 53
63 127
63 139
63 19
63 67
63 78
63 133
63 115
63 135
63 122
63 16
63 126
63 51
63 137
63 33
63 129
63 93
63 80
63 41
63 106
63 46
63 101
63 95
63 6
63 148
13 86
13 59
13 143
13 60
13 36
13 84
13 43
13 111
13 107
13 1
13 50
13 53
13 147
13 138
13 15
13 127
13 69
13 55
13 92
13 115
13 135
13 122
13 16
13 126
13 85
13 137
13 31
13 87
13 38
13 33
13 12
13 93
13 145
13 41
13 61
13 24
13 97
13 6
142 86
142 59
142 114
142 143
142 36
142 124
142 56
142 111
142 107
142 1
142 50
142 144
142 15
142 54
142 19
142 83
142 78
142 133
142 73
142 92
142 146
142 49
142 85
142 51
142 33
142 12
142 129
142 58
142 117
142 80
142 35
142 61
142 101
142 24
142 97
142 95
142 6
86 59
86 143
86 60
86 36
86 124
86 56
86 43
86 111
86 1
86 50
86 147
86 144
86 127
86 54
86 19
86 67
86 133
86 69
86 73
86 92
86 135
86 122
86 146
86 16
86 126
86 49
86 31
86 33
86 12
86 119
86 93
86 140
86 80
86 41
86 35
86 105
86 106
86 101
86 24
86 97
86 44
86 95
86 148
59 114
59 36
59 84
59 56
59 118
59 111
59 7
59 107
59 1
59 53
59 15
59 127
59 139
59 54
59 67
59 83
59 78
59 133
59 69
59 55
59 73
59 135
59 49
59 85
59 51
59 10
59 38
59 33
59 12
59 129
59 100
59 119
59 117
59 35
59 24
59 97
59 44
59 6
114 27
114 36
114 124
114 84
114 118
114 50
114 147
114 144
114 138
114 15
114 139
114 54
114 133
114 73
114 92
114 126
114 49
114 137
114 33
114 119
114 93
114 140
114 58
114 117
114 80
114 41
114 35
114 105
114 61
114 101
114 24
114 97
114 95
27 143
27 36
27 124
27 84
27 56
27 118
27 43
27 107
27 1
27 53
27 144
27 127
27 67
27 73
27 122
27 126
27 49
27 137
27 31
27 38
27 33
27 12
27 100
27 145
27 117
27 41
27 35
27 61
27 24
27 97
27 6
143 60
143 36
143 124
143 84
143 56
143 118
143 125
143 43
143 111
143 50
143 53
143 147
143 138
143 127
143 139
143 54
143 133
143 69
143 55
143 73
143 92
143 135
143 146
143 16
143 49
143 85
143 51
143 137
143 87
143 100
143 119
143 93
143 140
143 58
143 117
143 80
143 105
143 61
143 46
143 97
60 36
60 56
60 118
60 125
60 7
60 53
60 15
60 127
60 54
60 19
60 83
60 78
60 55
60 73
60 115
60 135
60 122
60 126
60 49
60 85
60 51
60 10
60 87
60 33
60 12
60 93
60 145
60 58
60 80
60 35
60 61
60 106
60 46
60 24
60 97
60 44
60 148
36 124
36 56
36 118
36 125
36 43
36 111
36 1
36 50
36 147
36 138
36 15
36 127
36 54
36 19
36 83
36 78
36 69
36 55
36 73
36 92
36 135
36 122
36 146
36 126
36 49
36 51
36 137
36 10
36 33
36 12
36 100
36 119
36 145
36 140
36 58
36 117
36 80
36 35
36 105
36 61
36 101
36 24
36 148
124 84
124 56
124 118
124 125
124 43
124 111
124 107
124 147
124 144
124 138
124 19
124 67
124 78
124 73
124 115
124 135
124 122
124 146
124 16
124 49
124 51
124 137
124 10
124 87
124 38
124 119
124 93
124 41
124 35
124 105
124 46
124 24
124 97
124 44
124 95
124 6
84 56
84 118
84 43
84 1
84 147
84 138
84 54
84 19
84 133
84 55
84 135
84 122
84 146
84 126
84 51
84 33
84 100
84 119
84 140
84 58
84 41
84 105
84 106
84 101
84 97
56 118
56 125
56 43
56 7
56 107
56 1
56 53
56 147
56 144
56 138
56 15
56 54
56 67
56 78
56 55
56 115
56 122
56 146
56 16
56 126
56 49
56 85
56 10
56 38
56 100
56 119
56 140
56 58
56 80
56 35
56 105
56 61
56 106
56 101
56 24
56 44
118 125
118 43
118 111
118 1
118 53
118 144
118 138
118 15
118 127
118 139
118 54
118 55
118 73
118 115
118 135
118 122
118 146
118 126
118 85
118 137
118 31
118 87
118 12
118 100
118 119
118 145
118 140
118 58
118 117
118 80
118 105
118 106
118 148
125 111
125 1
125 147
125 138
125 15
125 127
125 19
125 78
125 55
125 115
125 122
125 126
125 49
125 85
125 10
125 33
125 12
125 129
125 93
125 58
125 117
125 61
125 6
43 7
43 107
43 53
43 144
43 138
43 67
43 69
43 92
43 115
43 135
43 122
43 146
43 16
43 10
43 87
43 38
43 12
43 129
43 119
43 93
43 145
43 58
43 80
43 105
43 61
43 24
43 95
43 148
111 7
111 107
111 1
111 50
111 147
111 127
111 54
111 67
111 83
111 78
111 133
111 69
111 73
111 92
111 115
111 135
111 122
111 16
111 126
111 85
111 10
111 31
111 33
111 12
111 129
111 100
111 93
111 58
111 117
111 41
111 35
111 46
111 24
111 44
111 95
7 107
7 1
7 53
7 147
7 15
7 127
7 139
7 67
7 83
7 133
7 69
7 115
7 122
7 146
7 16
7 126
7 49
7 85
7 51
7 31
7 87
7 12
7 100
7 119
7 140
7 58
7 117
7 105
7 61
7 106
7 101
7 97
7 95
107 50
107 53
107 144
107 138
107 15
107 127
107 139
107 67
107 78
107 133
107 55
107 73
107 115
107 135
107 126
107 51
107 137
107 31
107 87
107 38
107 119
107 145
107 140
107 58
107 80
107 41
107 61
107 106
107 6
107 148
1 50
1 53
1 147
1 144
1 138
1 127
1 54
1 19
1 67
1 83
1 78
1 133
1 55
1 73
1 92
1 115
1 135
1 122
1 146
1 16
1 126
1 49
1 51
1 10
1 38
1 12
1 119
1 140
1 58
1 80
1 41
1 105
1 106
1 46
1 24
1 97
1 44
1 95
50 53
50 15
50 127
50 139
50 83
50 78
50 133
50 73
50 135
50 146
50 126
50 85
50 137
50 10
50 87
50 33
50 129
50 100
50 119
50 58
50 117
50 41
50 35
50 46
50 24
50 97
50 95
50 148
53 144
53 138
53 127
53 19
53 67
53 83
53 78
53 133
53 69
53 55
53 73
53 115
53 122
53 146
53 49
53 33
53 129
53 58
53 80
53 41
53 46
53 101
53 24
53 95
147 144
147 138
147 15
147 139
147 19
147 67
147 83
147 133
147 69
147 55
147 73
147 92
147 115
147 135
147 146
147 126
147 49
147 137
147 31
147 87
147 12
147 119
147 145
147 80
147 61
147 106
147 46
147 44
147 148
144 15
144 139
144 54
144 78
144 133
144 69
144 55
144 73
144 92
144 135
144 85
144 51
144 10
144 31
144 87
144 38
144 33
144 12
144 93
144 117
144 80
144 35
144 105
144 61
144 46
144 101
144 44
144 148
138 139
138 54
138 133
138 92
138 135
138 146
138 126
138 51
138 137
138 10
138 31
138 87
138 38
138 33
138 93
138 145
138 140
138 117
138 41
138 35
138 46
138 101
138 24
138 95
138 6
15 54
15 83
15 78
15 69
15 55
15 73
15 92
15 115
15 122
15 146
15 126
15 85
15 51
15 137
15 10
15 31
15 38
15 129
15 100
15 119
15 145
15 58
15 117
15 80
15 41
15 61
15 24
15 44
127 54
127 67
127 83
127 69
127 55
127 115
127 135
127 122
127 85
127 137
127 10
127 31
127 87
127 38
127 12
127 129
127 93
127 145
127 140
127 41
127 35
127 61
127 106
127 101
127 24
127 97
127 95
127 6
127 148
139 54
139 19
139 67
139 83
139 55
139 73
139 92
139 146
139 16
139 137
139 31
139 38
139 100
139 145
139 117
139 80
139 41
139 35
139 105
139 61
139 46
139 44
54 67
54 78
54 133
54 69
54 55
54 115
54 122
54 146
54 16
54 126
54 49
54 85
54 10
54 87
54 12
54 129
54 145
54 80
54 41
54 106
54 46
54 101
54 24
54 97
54 148
19 78
19 133
19 69
19 55
19 73
19 115
19 146
19 16
19 85
19 51
19 10
19 87
19 38
19 12
19 129
19 93
19 117
19 105
19 24
19 97
19 44
19 95
19 6
19 148
67 83
67 78
67 55
67 73
67 92
67 135
67 122
67 49
67 85
67 137
67 87
67 33
67 129
67 93
67 140
67 35
67 106
67 101
67 24
67 97
67 44
67 148
83 78
83 133
83 55
83 115
83 16
83 126
83 49
83 85
83 31
83 87
83 38
83 33
83 129
83 93
83 117
83 35
83 105
83 61
83 106
83 46
83 97
83 44
83 95
83 6
78 69
78 73
78 92
78 122
78 146
78 126
78 49
78 85
78 51
78 31
78 87
78 38
78 33
78 129
78 100
78 119
78 145
78 58
78 105
78 106
78 101
78 97
78 95
78 6
133 69
133 73
133 92
133 115
133 135
133 146
133 16
133 126
133 51
133 137
133 10
133 38
133 33
133 119
133 93
133 145
133 140
133 58
133 80
133 105
133 106
133 101
133 24
133 44
69 73
69 115
69 135
69 122
69 16
69 126
69 137
69 10
69 31
69 33
69 12
69 129
69 145
69 140
69 58
69 117
69 80
69 105
69 61
69 106
69 46
69 101
69 24
69 97
69 95
69 6
55 92
55 115
55 122
55 146
55 16
55 49
55 31
55 87
55 33
55 12
55 100
55 119
55 93
55 58
55 117
55 41
55 35
55 105
55 61
55 106
55 46
55 24
55 97
55 44
55 6
55 148
73 115
73 126
73 51
73 137
73 10
73 87
73 12
73 129
73 58
73 117
73 105
73 61
73 24
73 44
73 148
92 16
92 49
92 85
92 31
92 87
92 93
92 140
92 58
92 117
92 80
92 105
92 46
92 95
92 6
92 148
115 122
115 146
115 126
115 85
115 51
115 31
115 12
115 100
115 145
115 117
115 80
115 41
115 61
115 46
115 101
115 24
115 97
115 44
115 95
115 148
135 122
135 146
135 126
135 85
135 87
135 33
135 12
135 129
135 100
135 119
135 140
135 58
135 80
135 41
135 35
135 105
135 61
135 106
135 46
135 101
135 97
135 44
135 95
135 6
122 126
122 49
122 85
122 31
122 33
122 119
122 145
122 80
122 41
122 35
122 61
122 101
122 24
122 97
122 6
146 16
146 51
146 137
146 38
146 100
146 119
146 93
146 117
146 80
146 101
146 44
146 148
16 126
16 85
16 51
16 10
16 31
16 119
16 93
16 140
16 117
16 41
16 35
16 106
16 46
16 24
16 97
16 44
126 49
126 85
126 51
126 137
126 10
126 33
126 100
126 93
126 80
126 44
126 6
49 137
49 31
49 129
49 100
49 119
49 93
49 58
49 117
49 80
49 35
49 24
49 44
49 95
49 6
49 148
85 137
85 10
85 87
85 38
85 33
85 129
85 119
85 145
85 140
85 58
85 80
85 41
85 61
85 46
85 24
85 97
85 6
51 10
51 33
51 12
51 129
51 119
51 93
51 145
51 140
51 80
51 41
51 35
51 105
51 61
51 106
51 46
51 101
51 97
51 44
51 95
51 6
51 148
137 31
137 12
137 129
137 100
137 140
137 80
137 35
137 105
137 61
137 106
137 46
137 101
137 44
10 38
10 33
10 129
10 100
10 145
10 140
10 58
10 80
10 41
10 35
10 105
10 61
10 101
10 24
10 97
10 95
10 6
10 148
31 87
31 33
31 129
31 100
31 145
31 140
31 117
31 80
31 41
31 35
31 105
31 61
31 46
31 101
31 24
87 38
87 12
87 129
87 100
87 117
87 35
87 105
87 61
87 46
87 101
87 24
38 33
38 12
38 129
38 100
38 58
38 35
38 61
38 106
38 46
38 95
33 140
33 58
33 117
33 46
33 101
33 24
33 97
33 95
33 6
12 129
12 100
12 93
12 145
12 140
12 117
12 80
12 41
12 105
12 46
12 101
12 24
12 97
12 6
129 100
129 145
129 140
129 58
129 41
129 106
129 46
129 101
129 44
129 95
129 148
100 119
100 93
100 140
100 117
100 80
100 41
100 105
100 106
100 97
100 44
100 6
119 93
119 145
119 140
119 80
119 41
119 35
119 105
119 61
119 46
119 24
119 44
119 95
119 6
93 145
93 140
93 80
93 41
93 35
93 105
93 61
93 106
93 46
93 97
93 44
93 6
145 140
145 41
145 35
145 105
145 106
145 46
145 101
145 24
145 97
145 44
145 95
140 58
140 80
140 35
140 61
140 24
140 97
140 44
140 95
140 6
58 41
58 35
58 105
58 61
58 106
58 24
58 95
58 148
117 106
117 46
117 24
117 97
117 44
117 6
117 148
80 35
80 106
80 46
80 101
80 44
80 95
80 6
80 148
41 35
41 61
41 106
41 101
41 24
41 6
41 148
35 61
35 46
35 24
35 95
105 106
105 24
61 101
61 24
61 95
61 6
106 46
106 44
106 95
106 6
46 97
46 95
46 6
101 97
101 44
101 95
101 6
24 44
24 148
97 44
97 95
44 95
44 6
95 148
