25
144
1 16
1 9
1 3
1 24
1 23
1 6
1 7
1 25
1 11
1 18
1 2
1 19
1 20
1 4
1 12
15 9
15 3
15 24
15 8
15 7
15 11
15 5
15 17
15 18
15 22
15 10
15 19
15 20
15 4
16 9
16 3
16 24
16 8
16 7
16 25
16 14
16 11
16 18
16 22
16 2
16 21
9 3
9 24
9 7
9 14
9 22
9 10
9 20
9 4
9 13
3 24
3 25
3 14
3 18
3 19
3 4
3 12
24 6
24 7
24 14
24 18
24 22
24 2
24 19
24 20
24 21
23 8
23 6
23 7
23 25
23 18
23 22
23 2
8 6
8 7
8 11
8 17
8 10
8 13
8 12
8 21
6 7
6 14
6 11
6 5
6 17
6 18
6 4
6 13
6 12
6 21
7 17
7 18
7 2
7 20
7 4
25 14
25 17
25 22
25 19
25 4
25 13
25 21
14 5
14 18
14 2
14 4
14 13
14 12
11 17
11 22
11 10
11 19
11 20
5 17
5 22
5 10
5 21
17 18
17 10
17 19
17 13
17 21
18 2
18 4
18 12
18 21
22 2
22 10
22 20
22 4
22 13
2 19
10 20
10 4
10 13
19 13
19 21
20 4
20 13
4 13
4 12
4 21
13 12
