25
234
18 2
18 25
18 11
18 3
18 8
18 17
18 22
18 20
18 14
18 13
18 7
18 1
18 15
18 19
18 10
18 12
18 24
18 6
2 4
2 25
2 23
2 3
2 5
2 9
2 8
2 17
2 20
2 14
2 7
2 1
2 15
2 19
2 16
2 12
2 24
4 25
4 23
4 11
4 21
4 3
4 5
4 9
4 8
4 17
4 22
4 20
4 14
4 13
4 7
4 1
4 15
4 19
4 10
4 12
25 23
25 11
25 21
25 3
25 5
25 9
25 8
25 17
25 22
25 20
25 14
25 13
25 15
25 16
25 10
25 12
25 24
25 6
23 11
23 21
23 3
23 5
23 9
23 8
23 17
23 22
23 20
23 14
23 13
23 7
23 1
23 15
23 19
23 16
23 10
23 12
23 24
23 6
11 21
11 3
11 5
11 9
11 8
11 17
11 22
11 20
11 14
11 13
11 7
11 15
11 19
11 10
11 12
11 24
11 6
21 3
21 5
21 17
21 22
21 20
21 13
21 7
21 1
21 15
21 16
21 12
21 24
21 6
3 5
3 8
3 22
3 20
3 14
3 13
3 1
3 15
3 19
3 16
3 10
3 24
3 6
5 8
5 17
5 22
5 7
5 15
5 16
5 12
5 24
5 6
9 8
9 20
9 14
9 13
9 7
9 1
9 15
9 19
9 16
9 10
9 12
9 6
8 22
8 13
8 7
8 15
8 19
8 16
8 10
8 12
17 22
17 13
17 7
17 15
17 19
17 16
17 10
17 12
22 20
22 14
22 7
22 1
22 15
22 19
22 16
22 10
22 12
22 24
20 14
20 13
20 7
20 1
20 15
20 19
20 16
20 10
20 12
20 24
20 6
14 7
14 1
14 15
14 19
14 10
14 12
14 24
13 1
13 15
13 19
13 12
13 24
13 6
7 1
7 19
7 16
7 24
7 6
1 15
1 19
1 16
1 24
15 19
15 16
15 24
15 6
19 16
19 10
19 12
19 24
19 6
16 10
16 12
16 24
16 6
10 12
10 24
10 6
12 24
12 6
24 6
