50
100
33 25
28 31
28 1
28 49
28 35
28 16
28 9
28 3
28 24
37 44
37 1
37 35
37 9
31 44
31 1
31 49
31 32
31 35
31 16
31 45
31 24
31 7
44 1
44 16
44 34
1 32
1 29
1 35
1 50
1 16
1 9
1 3
1 24
49 35
49 50
49 9
49 41
32 24
29 35
29 16
29 9
29 24
29 6
29 27
29 7
29 46
35 16
35 9
35 3
35 5
50 9
50 24
16 9
16 3
16 24
16 25
9 3
9 24
3 24
3 27
3 25
45 6
45 42
45 25
45 46
45 48
45 11
45 5
40 7
40 46
8 6
6 27
6 46
6 5
42 27
42 5
34 7
34 46
27 7
27 46
27 14
25 46
25 14
25 39
25 13
17 38
18 4
18 21
43 19
43 20
47 22
47 38
47 4
22 4
2 38
2 19
10 4
19 21
20 13
4 21
