100
100

1 1
2 99
3 100
4 12
5 11
6 13
7 4
8 5
9 15
10 14
11 6
12 16
13 7
14 17
15 8
16 18
17 9
18 19
19 10
20 20
21 24
22 25
23 23
24 22
25 21
26 26
27 29
28 30
29 34
30 27
31 35
32 28
33 33
34 32
35 37
36 36
37 39
38 38
39 40
40 31
41 42
42 43
43 44
44 47
45 48
46 46
47 45
48 41
49 49
50 52
51 50
52 53
53 54
54 56
55 58
56 59
57 55
58 57
59 51
60 60
61 62
62 63
63 64
64 65
65 66
66 68
67 67
68 69
69 70
70 61
71 72
72 76
73 73
74 74
75 75
76 78
77 77
78 79
79 71
80 80
81 82
82 83
83 84
84 85
85 88
86 90
87 86
88 89
89 87
90 95
91 97
92 98
93 2
94 81
95 94
96 96
97 93
98 92
99 91
100 3
