100
144

1 13
2 104
3 82
4 25
5 55
6 127
7 103
8 47
9 94
10 121
11 14
12 72
13 70
14 85
15 17
16 46
17 48
18 132
19 37
20 20
21 42
22 60
23 90
24 62
25 119
26 99
27 118
28 22
29 89
30 69
31 10
32 21
33 57
34 64
35 122
36 80
37 100
38 95
39 96
40 16
41 63
42 79
43 18
44 76
45 27
46 75
47 134
48 88
49 26
50 123
51 39
52 38
53 101
54 73
55 126
56 74
57 50
58 77
59 40
60 84
61 83
62 81
63 68
64 102
65 59
66 105
67 11
68 23
69 133
70 120
71 43
72 58
73 86
74 125
75 49
76 71
77 128
78 87
79 129
80 124
81 130
82 44
83 61
84 67
85 41
86 56
87 131
88 15
89 24
90 97
91 53
92 135
93 12
94 19
95 45
96 98
97 51
98 66
99 65
100 78
