100
231

1 70
2 64
3 26
4 56
5 47
6 39
7 11
8 61
9 32
10 98
11 44
12 75
13 25
14 13
15 10
16 9
17 46
18 94
19 95
20 57
21 23
22 60
23 82
24 6
25 1
26 67
27 22
28 19
29 74
30 72
31 16
32 28
33 24
34 100
35 45
36 21
37 42
38 51
39 14
40 69
41 83
42 43
43 15
44 89
45 27
46 29
47 33
48 88
49 8
50 81
51 50
52 96
53 12
54 7
55 34
56 53
57 86
58 58
59 2
60 48
61 87
62 80
63 73
64 99
65 52
66 40
67 38
68 63
69 65
70 84
71 18
72 59
73 76
74 62
75 55
76 37
77 31
78 36
79 71
80 79
81 20
82 30
83 97
84 66
85 3
86 4
87 91
88 85
89 49
90 68
91 93
92 77
93 5
94 54
95 17
96 78
97 92
98 41
99 35
100 90
