200
231

1 156
2 198
3 113
4 101
5 161
6 151
7 181
8 194
9 160
10 127
11 102
12 39
13 47
14 126
15 215
16 42
17 82
18 188
19 207
20 116
21 98
22 92
23 137
24 35
25 182
26 133
27 120
28 96
29 170
30 187
31 52
32 104
33 86
34 186
35 32
36 145
37 176
38 87
39 40
40 90
41 203
42 149
43 167
44 230
45 115
46 148
47 158
48 55
49 68
50 50
51 205
52 65
53 208
54 172
55 175
56 189
57 107
58 223
59 135
60 220
61 130
62 206
63 199
64 142
65 83
66 190
67 152
68 48
69 192
70 73
71 124
72 119
73 54
74 134
75 227
76 62
77 144
78 38
79 193
80 131
81 139
82 166
83 56
84 89
85 93
86 94
87 162
88 132
89 80
90 53
91 174
92 212
93 154
94 185
95 191
96 31
97 202
98 136
99 109
100 138
101 209
102 180
103 114
104 110
105 117
106 217
107 91
108 71
109 178
110 179
111 69
112 81
113 155
114 177
115 84
116 99
117 74
118 100
119 228
120 173
121 103
122 111
123 150
124 85
125 229
126 225
127 168
128 183
129 140
130 57
131 41
132 72
133 70
134 78
135 214
136 51
137 95
138 219
139 224
140 59
141 218
142 33
143 211
144 66
145 200
146 61
147 153
148 221
149 118
150 163
151 129
152 44
153 125
154 36
155 123
156 226
157 122
158 58
159 121
160 46
161 157
162 97
163 216
164 222
165 164
166 112
167 165
168 45
169 37
170 169
171 143
172 64
173 141
174 159
175 79
176 184
177 49
178 210
179 67
180 106
181 75
182 197
183 63
184 231
185 108
186 201
187 146
188 128
189 77
190 204
191 195
192 60
193 34
194 213
195 88
196 105
197 147
198 76
199 171
200 43
