200
224

1 21
2 144
3 41
4 153
5 9
6 26
7 42
8 129
9 10
10 37
11 48
12 190
13 81
14 154
15 94
16 82
17 170
18 110
19 157
20 71
21 96
22 186
23 28
24 59
25 57
26 179
27 101
28 116
29 62
30 162
31 44
32 109
33 14
34 176
35 201
36 64
37 72
38 103
39 105
40 171
41 164
42 163
43 146
44 68
45 74
46 19
47 86
48 172
49 52
50 7
51 45
52 173
53 73
54 75
55 202
56 33
57 168
58 90
59 49
60 93
61 178
62 83
63 88
64 80
65 149
66 95
67 140
68 97
69 3
70 119
71 104
72 20
73 30
74 143
75 31
76 125
77 181
78 16
79 78
80 127
81 18
82 12
83 130
84 189
85 61
86 67
87 191
88 77
89 155
90 63
91 13
92 118
93 22
94 182
95 8
96 196
97 102
98 161
99 50
100 187
101 46
102 156
103 158
104 183
105 198
106 165
107 131
108 36
109 180
110 92
111 150
112 32
113 47
114 27
115 99
116 137
117 39
118 87
119 126
120 106
121 24
122 174
123 197
124 70
125 160
126 193
127 133
128 188
129 60
130 138
131 108
132 35
133 194
134 177
135 151
136 128
137 89
138 115
139 79
140 2
141 135
142 53
143 166
144 91
145 84
146 23
147 66
148 199
149 145
150 34
151 43
152 40
153 141
154 5
155 54
156 17
157 117
158 139
159 121
160 107
161 123
162 120
163 175
164 113
165 185
166 134
167 38
168 184
169 132
170 15
171 1
172 76
173 147
174 142
175 69
176 6
177 122
178 100
179 114
180 55
181 25
182 51
183 159
184 200
185 29
186 169
187 85
188 58
189 98
190 111
191 152
192 148
193 192
194 4
195 65
196 167
197 136
198 11
199 112
200 124
