100
140

1 7
2 8
3 9
4 10
5 6
6 11
7 13
8 14
9 17
10 15
11 16
12 12
13 18
14 20
15 21
16 22
17 23
18 24
19 25
20 19
21 2
22 26
23 3
24 5
25 1
26 4
27 30
28 29
29 28
30 31
31 32
32 34
33 33
34 102
35 103
36 42
37 43
38 44
39 45
40 41
41 46
42 48
43 49
44 51
45 50
46 52
47 47
48 53
49 55
50 57
51 56
52 58
53 37
54 59
55 54
56 60
57 61
58 38
59 39
60 36
61 40
62 65
63 66
64 64
65 63
66 69
67 67
68 104
69 70
70 77
71 78
72 79
73 68
74 80
75 76
76 81
77 83
78 86
79 84
80 85
81 82
82 87
83 88
84 90
85 91
86 92
87 93
88 94
89 95
90 96
91 72
92 89
93 73
94 71
95 74
96 98
97 75
98 100
99 99
100 101
