100
126

1 28
2 92
3 102
4 71
5 5
6 97
7 74
8 25
9 69
10 100
11 42
12 76
13 62
14 30
15 17
16 20
17 47
18 113
19 116
20 3
21 24
22 101
23 93
24 23
25 35
26 44
27 52
28 77
29 40
30 78
31 70
32 33
33 98
34 46
35 120
36 90
37 112
38 63
39 2
40 65
41 72
42 115
43 59
44 58
45 99
46 10
47 50
48 39
49 79
50 19
51 45
52 56
53 110
54 53
55 55
56 38
57 6
58 80
59 9
60 73
61 4
62 122
63 54
64 119
65 26
66 13
67 34
68 21
69 51
70 81
71 64
72 37
73 7
74 41
75 94
76 8
77 121
78 22
79 18
80 60
81 82
82 27
83 57
84 14
85 29
86 117
87 12
88 43
89 118
90 91
91 11
92 114
93 36
94 61
95 89
96 96
97 83
98 111
99 75
100 95
