100
126

1 64
2 88
3 26
4 56
5 48
6 34
7 11
8 58
9 17
10 93
11 61
12 91
13 71
14 13
15 10
16 9
17 51
18 77
19 20
20 16
21 47
22 35
23 96
24 6
25 1
26 72
27 31
28 39
29 40
30 99
31 50
32 60
33 46
34 100
35 52
36 21
37 25
38 65
39 14
40 74
41 84
42 57
43 15
44 45
45 24
46 28
47 43
48 68
49 8
50 87
51 70
52 81
53 12
54 7
55 62
56 30
57 59
58 53
59 2
60 55
61 76
62 89
63 79
64 54
65 86
66 41
67 23
68 69
69 29
70 98
71 19
72 44
73 83
74 94
75 75
76 22
77 78
78 33
79 27
80 80
81 37
82 18
83 92
84 73
85 3
86 4
87 95
88 36
89 32
90 82
91 67
92 90
93 5
94 63
95 49
96 101
97 38
98 42
99 66
100 97
