100
132

1 80
2 79
3 45
4 96
5 8
6 81
7 17
8 94
9 5
10 39
11 29
12 68
13 54
14 11
15 20
16 21
17 7
18 42
19 75
20 36
21 50
22 83
23 73
24 19
25 16
26 43
27 62
28 22
29 56
30 35
31 53
32 58
33 33
34 115
35 41
36 30
37 27
38 38
39 51
40 78
41 97
42 28
43 52
44 77
45 46
46 31
47 26
48 91
49 10
50 60
51 48
52 70
53 47
54 18
55 87
56 63
57 24
58 40
59 15
60 9
61 98
62 85
63 95
64 65
65 86
66 82
67 57
68 59
69 90
70 89
71 25
72 55
73 67
74 76
75 4
76 66
77 84
78 2
79 92
80 71
81 49
82 32
83 69
84 74
85 14
86 13
87 72
88 61
89 64
90 3
91 34
92 37
93 12
94 93
95 44
96 99
97 23
98 6
99 1
100 88
