100
225

1 199
2 28
3 120
4 208
5 183
6 193
7 93
8 111
9 185
10 194
11 186
12 115
13 20
14 92
15 91
16 34
17 133
18 110
19 42
20 113
21 132
22 124
23 187
24 135
25 202
26 192
27 137
28 130
29 107
30 191
31 196
32 29
33 198
34 197
35 209
36 118
37 204
38 105
39 40
40 90
41 18
42 131
43 39
44 21
45 116
46 24
47 184
48 127
49 99
50 112
51 19
52 106
53 37
54 98
55 122
56 129
57 206
58 43
59 117
60 128
61 100
62 32
63 94
64 31
65 189
66 114
67 96
68 36
69 89
70 136
71 95
72 200
73 102
74 97
75 103
76 104
77 101
78 201
79 205
80 125
81 33
82 119
83 26
84 41
85 121
86 123
87 22
88 195
89 25
90 30
91 126
92 35
93 207
94 108
95 134
96 188
97 109
98 203
99 190
100 27
