100
196

1 100
2 2
3 5
4 3
5 4
6 7
7 6
8 11
9 9
10 8
11 10
12 12
13 13
14 14
15 15
16 16
17 17
18 18
19 19
20 20
21 23
22 21
23 22
24 24
25 25
26 26
27 27
28 28
29 29
30 30
31 31
32 35
33 32
34 33
35 36
36 34
37 39
38 37
39 38
40 40
41 41
42 42
43 43
44 44
45 45
46 51
47 46
48 49
49 47
50 52
51 48
52 50
53 53
54 57
55 55
56 58
57 54
58 56
59 61
60 59
61 60
62 62
63 63
64 64
65 65
66 66
67 67
68 68
69 69
70 71
71 70
72 75
73 72
74 73
75 74
76 79
77 76
78 77
79 78
80 80
81 83
82 81
83 82
84 84
85 85
86 86
87 89
88 87
89 88
90 90
91 93
92 94
93 97
94 91
95 92
96 95
97 98
98 96
99 1
100 99
