100
196

1 66
2 54
3 133
4 75
5 73
6 81
7 55
8 137
9 77
10 43
11 106
12 127
13 84
14 138
15 131
16 122
17 117
18 123
19 129
20 57
21 67
22 107
23 132
24 61
25 91
26 69
27 112
28 89
29 114
30 65
31 130
32 100
33 136
34 45
35 82
36 93
37 109
38 96
39 111
40 78
41 74
42 124
43 126
44 76
45 108
46 60
47 88
48 79
49 94
50 116
51 102
52 68
53 101
54 139
55 140
56 135
57 47
58 147
59 92
60 87
61 125
62 86
63 113
64 146
65 62
66 95
67 110
68 115
69 44
70 128
71 120
72 46
73 83
74 72
75 51
76 48
77 90
78 49
79 52
80 80
81 103
82 121
83 53
84 145
85 105
86 119
87 71
88 59
89 85
90 99
91 63
92 97
93 50
94 70
95 98
96 58
97 104
98 118
99 64
100 134
