100
126

1 56
2 22
3 47
4 57
5 51
6 77
7 97
8 93
9 41
10 11
11 64
12 95
13 37
14 19
15 74
16 35
17 15
18 91
19 54
20 75
21 59
22 38
23 45
24 14
25 7
26 118
27 42
28 119
29 70
30 65
31 113
32 28
33 3
34 13
35 83
36 55
37 44
38 121
39 98
40 82
41 26
42 31
43 62
44 66
45 81
46 73
47 71
48 76
49 30
50 5
51 115
52 99
53 10
54 58
55 114
56 72
57 101
58 61
59 52
60 39
61 46
62 103
63 53
64 25
65 29
66 111
67 78
68 96
69 8
70 79
71 117
72 116
73 84
74 90
75 6
76 122
77 102
78 4
79 60
80 123
81 18
82 120
83 24
84 94
85 20
86 112
87 34
88 43
89 27
90 12
91 100
92 80
93 21
94 36
95 48
96 92
97 40
98 23
99 9
100 63
