100
200

1 1
2 2
3 3
4 7
5 6
6 8
7 4
8 5
9 10
10 9
11 12
12 13
13 14
14 11
15 15
16 17
17 18
18 19
19 16
20 22
21 26
22 20
23 23
24 24
25 25
26 21
27 27
28 28
29 29
30 32
31 31
32 33
33 34
34 30
35 38
36 35
37 36
38 37
39 39
40 40
41 42
42 43
43 44
44 45
45 41
46 48
47 47
48 49
49 50
50 46
51 51
52 52
53 53
54 62
55 57
56 56
57 58
58 61
59 59
60 63
61 54
62 64
63 60
64 55
65 65
66 69
67 68
68 70
69 72
70 73
71 71
72 76
73 67
74 66
75 74
76 75
77 77
78 78
79 82
80 81
81 83
82 79
83 84
84 80
85 85
86 86
87 87
88 88
89 89
90 90
91 92
92 93
93 91
94 94
95 95
96 97
97 96
98 98
99 100
100 99
