100
240

1 129
2 79
3 147
4 111
5 84
6 177
7 146
8 160
9 137
10 108
11 149
12 163
13 125
14 174
15 150
16 175
17 66
18 148
19 141
20 73
21 105
22 75
23 102
24 94
25 61
26 71
27 80
28 91
29 77
30 165
31 178
32 114
33 158
34 67
35 115
36 135
37 95
38 172
39 144
40 89
41 103
42 116
43 65
44 72
45 98
46 96
47 109
48 76
49 130
50 123
51 68
52 99
53 88
54 176
55 171
56 159
57 87
58 110
59 62
60 133
61 136
62 81
63 162
64 69
65 64
66 173
67 145
68 140
69 97
70 157
71 70
72 93
73 126
74 164
75 151
76 104
77 92
78 117
79 78
80 90
81 134
82 124
83 139
84 127
85 118
86 113
87 138
88 85
89 101
90 128
91 86
92 74
93 82
94 152
95 83
96 112
97 153
98 161
99 100
100 63
