100
240

1 74
2 2
3 115
4 81
5 27
6 111
7 7
8 76
9 39
10 54
11 70
12 15
13 14
14 88
15 116
16 16
17 18
18 61
19 28
20 57
21 82
22 24
23 55
24 44
25 117
26 97
27 69
28 3
29 23
30 19
31 31
32 6
33 87
34 63
35 80
36 113
37 100
38 84
39 53
40 90
41 29
42 52
43 26
44 109
45 8
46 9
47 79
48 43
49 65
50 38
51 92
52 72
53 68
54 56
55 51
56 96
57 66
58 75
59 85
60 104
61 78
62 32
63 17
64 35
65 67
66 50
67 12
68 102
69 30
70 77
71 25
72 112
73 103
74 1
75 20
76 62
77 114
78 99
79 11
80 86
81 64
82 83
83 110
84 73
85 13
86 89
87 22
88 71
89 91
90 37
91 4
92 49
93 98
94 95
95 5
96 101
97 42
98 41
99 40
100 36
