100
132

1 1
2 99
3 3
4 4
5 5
6 7
7 6
8 9
9 8
10 10
11 12
12 13
13 14
14 15
15 16
16 17
17 18
18 19
19 20
20 11
21 23
22 21
23 24
24 25
25 30
26 26
27 28
28 27
29 31
30 29
31 32
32 22
33 33
34 34
35 35
36 36
37 37
38 38
39 39
40 40
41 41
42 42
43 43
44 46
45 45
46 47
47 50
48 48
49 49
50 51
51 52
52 53
53 44
54 54
55 56
56 59
57 57
58 58
59 60
60 61
61 62
62 63
63 64
64 65
65 55
66 67
67 66
68 68
69 69
70 70
71 71
72 72
73 74
74 73
75 75
76 76
77 78
78 79
79 80
80 81
81 82
82 83
83 84
84 85
85 86
86 77
87 89
88 87
89 90
90 91
91 95
92 93
93 96
94 92
95 97
96 94
97 98
98 88
99 100
100 2
