200
324

1 1
2 197
3 5
4 3
5 4
6 7
7 6
8 11
9 9
10 8
11 10
12 12
13 13
14 14
15 15
16 16
17 17
18 18
19 19
20 20
21 23
22 21
23 22
24 24
25 25
26 26
27 27
28 28
29 31
30 29
31 33
32 30
33 32
34 34
35 37
36 35
37 36
38 38
39 39
40 40
41 41
42 42
43 43
44 44
45 45
46 51
47 46
48 49
49 47
50 52
51 48
52 50
53 53
54 57
55 55
56 58
57 54
58 56
59 61
60 59
61 60
62 62
63 63
64 64
65 65
66 66
67 67
68 68
69 69
70 71
71 70
72 73
73 72
74 74
75 75
76 77
77 76
78 78
79 79
80 80
81 81
82 82
83 83
84 84
85 85
86 86
87 89
88 87
89 88
90 90
91 93
92 94
93 97
94 91
95 92
96 95
97 98
98 96
99 103
100 99
101 100
102 101
103 102
104 104
105 105
106 106
107 107
108 109
109 108
110 113
111 110
112 117
113 115
114 111
115 112
116 114
117 116
118 118
119 119
120 120
121 121
122 122
123 123
124 124
125 125
126 126
127 127
128 128
129 129
130 131
131 130
132 135
133 132
134 133
135 139
136 134
137 136
138 140
139 137
140 138
141 141
142 142
143 143
144 144
145 145
146 146
147 147
148 151
149 148
150 149
151 150
152 152
153 153
154 154
155 157
156 155
157 158
158 156
159 159
160 160
161 161
162 162
163 163
164 164
165 165
166 166
167 167
168 168
169 171
170 169
171 173
172 174
173 170
174 172
175 175
176 176
177 177
178 178
179 179
180 180
181 181
182 182
183 183
184 184
185 185
186 186
187 189
188 187
189 188
190 190
191 191
192 192
193 193
194 194
195 2
196 195
197 196
198 200
199 198
200 199
