200
231

1 106
2 191
3 125
4 55
5 137
6 155
7 189
8 54
9 145
10 82
11 143
12 219
13 128
14 58
15 201
16 174
17 214
18 169
19 228
20 74
21 180
22 225
23 133
24 45
25 118
26 222
27 170
28 86
29 158
30 35
31 117
32 67
33 113
34 220
35 102
36 144
37 100
38 93
39 136
40 33
41 59
42 211
43 52
44 171
45 159
46 123
47 157
48 209
49 134
50 124
51 101
52 221
53 160
54 94
55 223
56 141
57 207
58 129
59 177
60 81
61 60
62 78
63 183
64 71
65 41
66 135
67 56
68 76
69 108
70 176
71 142
72 138
73 80
74 37
75 149
76 187
77 31
78 148
79 92
80 39
81 104
82 107
83 178
84 199
85 146
86 65
87 203
88 90
89 61
90 168
91 139
92 179
93 73
94 200
95 96
96 205
97 89
98 218
99 150
100 206
101 153
102 47
103 53
104 224
105 32
106 57
107 190
108 120
109 212
110 91
111 34
112 114
113 119
114 121
115 181
116 163
117 79
118 75
119 43
120 66
121 105
122 208
123 198
124 83
125 36
126 229
127 162
128 70
129 77
130 50
131 44
132 161
133 197
134 226
135 193
136 46
137 182
138 167
139 184
140 109
141 49
142 116
143 164
144 87
145 147
146 115
147 154
148 204
149 51
150 122
151 84
152 127
153 194
154 112
155 131
156 185
157 130
158 38
159 188
160 227
161 173
162 166
163 215
164 152
165 230
166 213
167 132
168 202
169 175
170 97
171 110
172 95
173 192
174 195
175 156
176 99
177 40
178 186
179 72
180 69
181 151
182 88
183 210
184 64
185 126
186 48
187 140
188 98
189 68
190 42
191 165
192 217
193 231
194 111
195 63
196 216
197 172
198 103
199 62
200 85
