200
324

1 198
2 2
3 5
4 6
5 3
6 4
7 7
8 8
9 9
10 10
11 13
12 11
13 12
14 17
15 14
16 15
17 16
18 21
19 18
20 31
21 19
22 23
23 27
24 20
25 29
26 22
27 24
28 25
29 33
30 26
31 28
32 35
33 30
34 37
35 32
36 36
37 34
38 38
39 39
40 40
41 41
42 42
43 43
44 44
45 45
46 46
47 49
48 53
49 47
50 48
51 50
52 51
53 52
54 54
55 55
56 57
57 59
58 56
59 61
60 58
61 60
62 62
63 63
64 64
65 65
66 71
67 66
68 67
69 69
70 68
71 70
72 72
73 73
74 74
75 75
76 76
77 77
78 78
79 79
80 80
81 81
82 82
83 83
84 85
85 84
86 86
87 87
88 88
89 89
90 90
91 91
92 92
93 93
94 94
95 95
96 96
97 97
98 99
99 98
100 100
101 101
102 102
103 107
104 103
105 104
106 105
107 106
108 109
109 113
110 108
111 110
112 111
113 112
114 114
115 115
116 117
117 116
118 119
119 118
120 120
121 121
122 125
123 129
124 130
125 122
126 123
127 124
128 126
129 127
130 128
131 133
132 131
133 132
134 134
135 135
136 136
137 137
138 138
139 139
140 140
141 143
142 141
143 142
144 144
145 145
146 146
147 151
148 147
149 148
150 149
151 150
152 152
153 153
154 154
155 155
156 156
157 157
158 158
159 159
160 160
161 161
162 163
163 162
164 164
165 165
166 166
167 167
168 171
169 168
170 169
171 170
172 172
173 173
174 174
175 175
176 176
177 177
178 178
179 179
180 180
181 181
182 182
183 183
184 184
185 187
186 185
187 186
188 191
189 192
190 188
191 199
192 193
193 189
194 190
195 194
196 195
197 1
198 200
199 197
200 196
