100
196

1 96
2 163
3 189
4 106
5 166
6 78
7 107
8 117
9 66
10 77
11 79
12 119
13 65
14 159
15 75
16 144
17 147
18 108
19 97
20 177
21 134
22 81
23 160
24 87
25 90
26 176
27 109
28 138
29 61
30 111
31 188
32 92
33 82
34 89
35 105
36 101
37 174
38 123
39 165
40 104
41 151
42 64
43 172
44 121
45 102
46 180
47 115
48 118
49 116
50 143
51 137
52 139
53 94
54 63
55 120
56 192
57 148
58 62
59 129
60 145
61 103
62 150
63 190
64 67
65 161
66 126
67 124
68 93
69 178
70 136
71 164
72 146
73 130
74 158
75 131
76 135
77 112
78 157
79 95
80 88
81 133
82 193
83 162
84 91
85 140
86 179
87 122
88 149
89 80
90 191
91 76
92 152
93 187
94 173
95 74
96 153
97 175
98 125
99 132
100 110
