200
324

1 35
2 155
3 65
4 144
5 71
6 58
7 55
8 130
9 77
10 107
11 67
12 180
13 82
14 165
15 192
16 12
17 181
18 86
19 179
20 97
21 100
22 185
23 64
24 45
25 47
26 173
27 79
28 121
29 49
30 182
31 73
32 40
33 5
34 178
35 43
36 22
37 39
38 80
39 42
40 162
41 183
42 142
43 140
44 198
45 83
46 69
47 10
48 169
49 14
50 3
51 38
52 176
53 85
54 61
55 60
56 8
57 154
58 84
59 13
60 116
61 174
62 18
63 90
64 62
65 146
66 54
67 152
68 56
69 31
70 112
71 78
72 66
73 70
74 149
75 193
76 143
77 170
78 87
79 96
80 134
81 23
82 33
83 104
84 93
85 50
86 52
87 184
88 72
89 177
90 111
91 34
92 92
93 95
94 194
95 4
96 186
97 88
98 136
99 44
100 158
101 101
102 157
103 160
104 187
105 171
106 150
107 117
108 11
109 164
110 94
111 163
112 37
113 41
114 27
115 48
116 137
117 57
118 68
119 114
120 110
121 9
122 172
123 196
124 109
125 168
126 199
127 120
128 102
129 53
130 139
131 122
132 59
133 188
134 189
135 128
136 132
137 129
138 131
139 118
140 2
141 133
142 19
143 161
144 125
145 16
146 21
147 28
148 190
149 138
150 29
151 115
152 91
153 126
154 7
155 26
156 32
157 20
158 153
159 46
160 195
161 145
162 113
163 175
164 89
165 197
166 151
167 24
168 191
169 141
170 51
171 1
172 74
173 106
174 105
175 76
176 36
177 147
178 123
179 103
180 25
181 30
182 98
183 166
184 108
185 63
186 156
187 75
188 15
189 124
190 127
191 148
192 167
193 200
194 17
195 81
196 159
197 135
198 6
199 99
200 119
