200
240

1 23
2 204
3 7
4 67
5 109
6 37
7 136
8 124
9 74
10 13
11 61
12 166
13 57
14 52
15 167
16 156
17 116
18 111
19 159
20 35
21 203
22 45
23 76
24 151
25 103
26 113
27 50
28 24
29 46
30 139
31 132
32 65
33 123
34 126
35 162
36 28
37 43
38 135
39 171
40 125
41 195
42 72
43 130
44 188
45 62
46 180
47 19
48 107
49 59
50 174
51 185
52 14
53 172
54 39
55 110
56 119
57 4
58 196
59 71
60 189
61 101
62 160
63 170
64 95
65 120
66 55
67 36
68 54
69 150
70 75
71 20
72 9
73 176
74 64
75 178
76 112
77 11
78 138
79 127
80 108
81 16
82 141
83 182
84 91
85 137
86 31
87 163
88 106
89 92
90 153
91 146
92 164
93 98
94 96
95 115
96 129
97 193
98 73
99 2
100 80
101 158
102 118
103 6
104 1
105 68
106 157
107 77
108 86
109 70
110 66
111 87
112 143
113 99
114 33
115 131
116 47
117 93
118 58
119 197
120 53
121 10
122 25
123 69
124 42
125 187
126 191
127 27
128 133
129 17
130 147
131 148
132 114
133 145
134 40
135 155
136 117
137 78
138 181
139 194
140 100
141 144
142 149
143 175
144 83
145 206
146 154
147 44
148 173
149 8
150 102
151 89
152 152
153 30
154 161
155 22
156 192
157 26
158 105
159 51
160 56
161 34
162 63
163 177
164 168
165 128
166 32
167 18
168 85
169 183
170 184
171 12
172 21
173 48
174 29
175 49
176 84
177 142
178 179
179 82
180 5
181 121
182 169
183 88
184 198
185 3
186 205
187 79
188 90
189 41
190 186
191 81
192 97
193 140
194 165
195 104
196 15
197 38
198 134
199 94
200 122
