100
144

1 37
2 63
3 29
4 51
5 38
6 35
7 41
8 62
9 46
10 72
11 14
12 53
13 64
14 6
15 12
16 24
17 42
18 85
19 17
20 88
21 70
22 36
23 94
24 39
25 1
26 52
27 50
28 19
29 90
30 77
31 48
32 22
33 75
34 74
35 54
36 44
37 40
38 60
39 65
40 55
41 106
42 81
43 25
44 56
45 10
46 57
47 32
48 89
49 23
50 84
51 20
52 69
53 21
54 26
55 95
56 13
57 86
58 82
59 2
60 33
61 27
62 9
63 91
64 28
65 47
66 11
67 34
68 8
69 76
70 43
71 16
72 68
73 61
74 80
75 93
76 7
77 79
78 59
79 45
80 73
81 31
82 15
83 104
84 92
85 3
86 4
87 67
88 30
89 58
90 71
91 78
92 103
93 5
94 83
95 49
96 105
97 18
98 87
99 66
100 102
