100
100

1 72
2 60
3 4
4 66
5 39
6 92
7 3
8 67
9 91
10 56
11 12
12 76
13 75
14 17
15 5
16 82
17 2
18 22
19 16
20 55
21 45
22 34
23 1
24 35
25 9
26 77
27 43
28 25
29 68
30 88
31 49
32 41
33 65
34 90
35 85
36 33
37 7
38 89
39 19
40 98
41 79
42 61
43 50
44 54
45 80
46 18
47 24
48 71
49 30
50 62
51 26
52 58
53 20
54 37
55 21
56 44
57 86
58 48
59 10
60 32
61 63
62 97
63 99
64 81
65 36
66 87
67 93
68 59
69 8
70 83
71 14
72 70
73 28
74 100
75 78
76 38
77 52
78 47
79 94
80 96
81 23
82 51
83 53
84 84
85 11
86 13
87 64
88 46
89 29
90 57
91 74
92 95
93 15
94 73
95 69
96 27
97 31
98 6
99 40
100 42
