100
144

1 73
2 112
3 104
4 14
5 76
6 15
7 35
8 105
9 5
10 16
11 6
12 115
13 62
14 17
15 118
16 65
17 9
18 83
19 19
20 22
21 107
22 89
23 27
24 26
25 100
26 43
27 33
28 34
29 99
30 113
31 102
32 32
33 45
34 98
35 20
36 57
37 81
38 54
39 77
40 68
41 42
42 28
43 86
44 21
45 46
46 75
47 30
48 18
49 116
50 50
51 51
52 53
53 44
54 74
55 59
56 49
57 85
58 39
59 111
60 37
61 40
62 92
63 67
64 106
65 63
66 82
67 114
68 70
69 71
70 117
71 41
72 29
73 101
74 58
75 38
76 69
77 103
78 79
79 80
80 4
81 66
82 91
83 7
84 93
85 88
86 25
87 52
88 64
89 87
90 8
91 3
92 31
93 94
94 90
95 95
96 47
97 61
98 78
99 55
100 56
