200
200

1 67
2 157
3 102
4 94
5 8
6 59
7 84
8 130
9 5
10 56
11 22
12 179
13 83
14 160
15 199
16 81
17 170
18 34
19 173
20 46
21 114
22 76
23 15
24 24
25 23
26 147
27 117
28 43
29 42
30 169
31 50
32 100
33 11
34 180
35 51
36 18
37 53
38 128
39 54
40 68
41 171
42 174
43 148
44 48
45 66
46 77
47 108
48 149
49 82
50 6
51 52
52 182
53 70
54 78
55 185
56 103
57 163
58 104
59 87
60 107
61 177
62 106
63 127
64 69
65 193
66 41
67 158
68 37
69 3
70 110
71 49
72 63
73 17
74 162
75 126
76 133
77 150
78 31
79 132
80 141
81 28
82 189
83 120
84 188
85 10
86 39
87 181
88 90
89 124
90 109
91 61
92 75
93 86
94 184
95 7
96 198
97 96
98 168
99 35
100 191
101 25
102 161
103 166
104 186
105 176
106 145
107 121
108 62
109 74
110 9
111 159
112 26
113 101
114 60
115 21
116 125
117 85
118 111
119 136
120 13
121 32
122 178
123 197
124 57
125 164
126 155
127 129
128 95
129 196
130 144
131 142
132 190
133 80
134 175
135 151
136 146
137 73
138 135
139 131
140 2
141 152
142 30
143 119
144 89
145 40
146 27
147 88
148 200
149 140
150 64
151 112
152 79
153 154
154 16
155 29
156 36
157 123
158 99
159 93
160 195
161 134
162 138
163 183
164 92
165 192
166 72
167 20
168 187
169 143
170 33
171 1
172 45
173 194
174 115
175 58
176 14
177 118
178 116
179 91
180 105
181 65
182 55
183 165
184 139
185 71
186 156
187 44
188 19
189 38
190 47
191 122
192 172
193 97
194 4
195 113
196 167
197 153
198 12
199 98
200 137
