100
196

1 174
2 81
3 98
4 135
5 102
6 78
7 90
8 125
9 89
10 77
11 146
12 76
13 65
14 166
15 131
16 144
17 74
18 176
19 137
20 140
21 104
22 175
23 97
24 120
25 108
26 87
27 149
28 68
29 61
30 159
31 151
32 92
33 79
34 138
35 126
36 130
37 122
38 121
39 165
40 96
41 106
42 64
43 172
44 110
45 124
46 180
47 101
48 66
49 116
50 164
51 150
52 75
53 118
54 63
55 123
56 83
57 148
58 62
59 147
60 168
61 117
62 93
63 178
64 112
65 161
66 179
67 134
68 181
69 154
70 136
71 103
72 162
73 133
74 158
75 129
76 109
77 163
78 157
79 95
80 115
81 177
82 67
83 119
84 143
85 91
86 82
87 139
88 167
89 80
90 88
91 94
92 152
93 160
94 173
95 111
96 153
97 107
98 105
99 132
100 145
