200
225

1 82
2 183
3 21
4 83
5 72
6 73
7 35
8 160
9 40
10 90
11 119
12 13
13 133
14 188
15 49
16 143
17 54
18 149
19 4
20 158
21 92
22 1
23 124
24 94
25 43
26 60
27 192
28 194
29 153
30 14
31 91
32 88
33 116
34 207
35 74
36 120
37 110
38 146
39 77
40 204
41 209
42 197
43 203
44 38
45 20
46 75
47 107
48 190
49 117
50 106
51 125
52 171
53 103
54 129
55 56
56 29
57 11
58 98
59 37
60 132
61 205
62 61
63 84
64 136
65 201
66 42
67 69
68 102
69 89
70 44
71 24
72 131
73 159
74 10
75 122
76 7
77 16
78 104
79 50
80 144
81 127
82 31
83 71
84 175
85 23
86 28
87 2
88 18
89 206
90 140
91 25
92 208
93 95
94 45
95 105
96 177
97 150
98 15
99 123
100 173
101 118
102 184
103 51
104 3
105 57
106 52
107 168
108 30
109 46
110 85
111 12
112 27
113 111
114 76
115 70
116 33
117 115
118 96
119 141
120 191
121 135
122 9
123 157
124 36
125 182
126 55
127 165
128 145
129 34
130 155
131 101
132 65
133 48
134 53
135 164
136 186
137 19
138 187
139 81
140 112
141 154
142 68
143 200
144 64
145 148
146 26
147 67
148 47
149 78
150 62
151 41
152 130
153 199
154 108
155 147
156 86
157 97
158 185
159 156
160 58
161 142
162 139
163 5
164 22
165 59
166 79
167 126
168 172
169 196
170 152
171 113
172 99
173 195
174 93
175 63
176 87
177 198
178 80
179 66
180 137
181 121
182 17
183 189
184 39
185 134
186 162
187 32
188 151
189 6
190 163
191 193
192 202
193 176
194 114
195 100
196 128
197 8
198 109
199 161
200 138
