200
225

1 113
2 112
3 111
4 114
5 106
6 105
7 104
8 107
9 119
10 120
11 121
12 118
13 122
14 99
15 115
16 108
17 110
18 116
19 103
20 117
21 109
22 123
23 98
24 100
25 97
26 101
27 96
28 129
29 127
30 102
31 126
32 134
33 128
34 130
35 125
36 133
37 124
38 135
39 132
40 136
41 131
42 137
43 92
44 91
45 27
46 93
47 94
48 41
49 90
50 89
51 95
52 40
53 26
54 34
55 33
56 32
57 42
58 28
59 36
60 35
61 25
62 39
63 29
64 43
65 31
66 37
67 24
68 20
69 30
70 38
71 44
72 21
73 19
74 18
75 22
76 17
77 23
78 74
79 75
80 70
81 71
82 73
83 69
84 78
85 79
86 77
87 76
88 72
89 80
90 66
91 67
92 65
93 68
94 82
95 83
96 84
97 81
98 62
99 64
100 63
101 61
102 86
103 88
104 151
105 87
106 85
107 152
108 147
109 157
110 153
111 148
112 149
113 143
114 155
115 156
116 146
117 150
118 145
119 154
120 159
121 144
122 142
123 158
124 160
125 140
126 161
127 139
128 138
129 141
130 165
131 192
132 191
133 163
134 199
135 162
136 164
137 198
138 193
139 200
140 185
141 187
142 184
143 186
144 190
145 197
146 183
147 194
148 201
149 189
150 196
151 182
152 195
153 202
154 188
155 206
156 205
157 207
158 204
159 203
160 208
161 6
162 7
163 209
164 10
165 11
166 8
167 5
168 14
169 12
170 9
171 15
172 13
173 16
174 2
175 3
176 50
177 1
178 4
179 51
180 52
181 54
182 55
183 56
184 47
185 58
186 46
187 48
188 60
189 49
190 53
191 171
192 45
193 59
194 57
195 172
196 175
197 173
198 177
199 176
200 180
