100
100

1 1
2 2
3 96
4 6
5 9
6 13
7 14
8 10
9 15
10 17
11 21
12 3
13 4
14 18
15 25
16 11
17 16
18 22
19 19
20 7
21 26
22 29
23 92
24 30
25 23
26 33
27 31
28 34
29 27
30 95
31 37
32 41
33 28
34 20
35 45
36 100
37 35
38 38
39 46
40 49
41 24
42 36
43 47
44 42
45 50
46 39
47 53
48 57
49 43
50 40
51 54
52 58
53 55
54 61
55 62
56 51
57 59
58 48
59 65
60 44
61 56
62 66
63 67
64 63
65 68
66 69
67 70
68 73
69 74
70 77
71 75
72 60
73 78
74 52
75 81
76 71
77 79
78 85
79 72
80 64
81 80
82 82
83 83
84 86
85 87
86 84
87 89
88 90
89 93
90 94
91 97
92 5
93 98
94 12
95 91
96 8
97 99
98 76
99 88
100 32
