200
225

1 28
2 176
3 109
4 92
5 195
6 69
7 111
8 85
9 191
10 104
11 151
12 142
13 121
14 206
15 139
16 17
17 24
18 20
19 2
20 74
21 41
22 116
23 127
24 129
25 164
26 155
27 152
28 86
29 115
30 11
31 158
32 134
33 71
34 67
35 52
36 125
37 107
38 193
39 77
40 7
41 38
42 23
43 160
44 12
45 75
46 10
47 110
48 6
49 96
50 138
51 53
52 137
53 204
54 84
55 161
56 199
57 130
58 180
59 147
60 16
61 83
62 58
63 173
64 106
65 34
66 102
67 81
68 196
69 47
70 100
71 26
72 192
73 98
74 76
75 3
76 145
77 108
78 184
79 62
80 78
81 82
82 201
83 8
84 133
85 150
86 42
87 51
88 35
89 43
90 200
91 15
92 182
93 122
94 88
95 29
96 198
97 181
98 44
99 112
100 120
101 209
102 205
103 141
104 113
105 73
106 172
107 187
108 72
109 101
110 37
111 154
112 59
113 80
114 99
115 31
116 40
117 90
118 103
119 46
120 144
121 68
122 114
123 95
124 188
125 13
126 203
127 79
128 202
129 131
130 190
131 189
132 97
133 63
134 140
135 183
136 163
137 70
138 156
139 4
140 186
141 87
142 208
143 9
144 33
145 5
146 19
147 157
148 54
149 66
150 159
151 25
152 194
153 117
154 1
155 124
156 179
157 89
158 50
159 143
160 93
161 32
162 136
163 171
164 56
165 207
166 36
167 65
168 30
169 49
170 45
171 105
172 91
173 135
174 118
175 61
176 123
177 197
178 14
179 146
180 153
181 39
182 55
183 149
184 22
185 27
186 177
187 126
188 132
189 119
190 175
191 94
192 18
193 165
194 185
195 148
196 57
197 162
198 21
199 64
200 128
