100
196

1 51
2 63
3 15
4 77
5 75
6 37
7 33
8 61
9 40
10 56
11 4
12 81
13 25
14 9
15 31
16 29
17 38
18 52
19 8
20 58
21 36
22 60
23 82
24 21
25 1
26 94
27 19
28 95
29 79
30 28
31 27
32 39
33 53
34 92
35 35
36 22
37 32
38 50
39 11
40 65
41 100
42 34
43 17
44 98
45 13
46 10
47 46
48 74
49 30
50 83
51 45
52 89
53 12
54 23
55 80
56 69
57 88
58 16
59 2
60 48
61 86
62 66
63 62
64 93
65 68
66 55
67 85
68 41
69 70
70 84
71 6
72 18
73 99
74 43
75 67
76 24
77 42
78 20
79 72
80 78
81 47
82 57
83 91
84 87
85 3
86 5
87 73
88 71
89 44
90 64
91 76
92 96
93 7
94 54
95 14
96 90
97 49
98 59
99 26
100 97
