100
140

1 30
2 117
3 123
4 33
5 51
6 127
7 16
8 108
9 118
10 138
11 36
12 112
13 66
14 32
15 15
16 40
17 119
18 46
19 114
20 18
21 44
22 57
23 8
24 58
25 41
26 67
27 50
28 34
29 60
30 13
31 53
32 69
33 39
34 1
35 54
36 5
37 49
38 137
39 116
40 3
41 9
42 42
43 6
44 4
45 110
46 10
47 12
48 21
49 22
50 27
51 26
52 47
53 109
54 23
55 24
56 2
57 38
58 65
59 111
60 19
61 48
62 115
63 68
64 17
65 136
66 139
67 130
68 56
69 7
70 125
71 28
72 107
73 121
74 25
75 106
76 128
77 134
78 113
79 131
80 11
81 133
82 126
83 55
84 120
85 20
86 29
87 37
88 43
89 122
90 59
91 135
92 129
93 64
94 45
95 52
96 14
97 124
98 61
99 63
100 31
