100
126

1 75
2 120
3 117
4 69
5 82
6 55
7 112
8 93
9 78
10 124
11 72
12 94
13 26
14 8
15 36
16 41
17 14
18 66
19 123
20 96
21 13
22 92
23 32
24 65
25 20
26 67
27 74
28 61
29 18
30 125
31 77
32 15
33 105
34 28
35 16
36 101
37 9
38 107
39 51
40 31
41 57
42 54
43 97
44 24
45 95
46 33
47 122
48 62
49 73
50 71
51 38
52 110
53 60
54 40
55 119
56 109
57 56
58 39
59 11
60 37
61 64
62 103
63 30
64 58
65 35
66 21
67 29
68 59
69 121
70 114
71 99
72 104
73 42
74 10
75 12
76 80
77 81
78 79
79 102
80 116
81 50
82 68
83 98
84 25
85 19
86 23
87 83
88 108
89 53
90 115
91 70
92 52
93 100
94 106
95 113
96 22
97 63
98 27
99 17
100 111
