100
126

1 55
2 52
3 48
4 74
5 15
6 32
7 4
8 73
9 5
10 30
11 11
12 91
13 47
14 18
15 8
16 41
17 24
18 28
19 90
20 49
21 23
22 35
23 93
24 14
25 1
26 96
27 16
28 38
29 39
30 89
31 43
32 25
33 42
34 101
35 65
36 19
37 37
38 22
39 17
40 64
41 94
42 67
43 10
44 69
45 100
46 13
47 56
48 77
49 26
50 86
51 51
52 75
53 12
54 9
55 83
56 76
57 59
58 53
59 2
60 50
61 66
62 58
63 71
64 88
65 87
66 33
67 61
68 27
69 97
70 78
71 45
72 36
73 95
74 84
75 60
76 57
77 70
78 31
79 62
80 82
81 29
82 6
83 80
84 92
85 3
86 7
87 98
88 54
89 46
90 72
91 40
92 63
93 20
94 68
95 44
96 81
97 79
98 85
99 21
100 99
