200
225

1 113
2 177
3 111
4 106
5 105
6 114
7 107
8 119
9 115
10 120
11 121
12 104
13 118
14 108
15 122
16 99
17 110
18 103
19 117
20 116
21 109
22 123
23 98
24 97
25 96
26 100
27 127
28 101
29 102
30 126
31 128
32 125
33 129
34 124
35 130
36 92
37 91
38 93
39 94
40 90
41 89
42 95
43 134
44 133
45 132
46 136
47 135
48 137
49 131
50 27
51 26
52 34
53 33
54 28
55 35
56 20
57 19
58 21
59 24
60 25
61 32
62 18
63 29
64 36
65 22
66 31
67 17
68 30
69 42
70 41
71 37
72 44
73 23
74 40
75 39
76 38
77 43
78 74
79 75
80 70
81 71
82 73
83 69
84 78
85 79
86 77
87 72
88 76
89 80
90 82
91 84
92 66
93 64
94 83
95 65
96 81
97 68
98 67
99 88
100 62
101 61
102 63
103 86
104 87
105 85
106 151
107 152
108 147
109 148
110 153
111 149
112 155
113 156
114 150
115 157
116 146
117 143
118 144
119 154
120 142
121 158
122 145
123 159
124 160
125 161
126 139
127 138
128 140
129 141
130 163
131 164
132 165
133 162
134 192
135 191
136 199
137 198
138 193
139 200
140 185
141 190
142 197
143 184
144 186
145 183
146 201
147 194
148 189
149 187
150 195
151 196
152 182
153 202
154 206
155 204
156 188
157 207
158 205
159 208
160 203
161 209
162 6
163 7
164 10
165 11
166 5
167 9
168 2
169 8
170 3
171 1
172 50
173 12
174 4
175 14
176 16
177 15
178 13
179 52
180 56
181 51
182 54
183 55
184 47
185 46
186 48
187 171
188 49
189 53
190 45
191 58
192 59
193 57
194 60
195 172
196 173
197 175
198 112
199 176
200 170
