100
224

1 41
2 36
3 149
4 16
5 130
6 161
7 160
8 141
9 133
10 34
11 15
12 40
13 29
14 167
15 139
16 8
17 121
18 32
19 54
20 26
21 143
22 6
23 151
24 19
25 132
26 20
27 153
28 17
29 43
30 145
31 120
32 122
33 31
34 45
35 162
36 53
37 12
38 142
39 135
40 51
41 155
42 24
43 144
44 22
45 7
46 134
47 47
48 52
49 44
50 127
51 38
52 124
53 157
54 55
55 39
56 165
57 131
58 129
59 46
60 148
61 154
62 119
63 118
64 49
65 164
66 163
67 13
68 128
69 136
70 166
71 25
72 23
73 21
74 37
75 28
76 48
77 125
78 146
79 159
80 35
81 50
82 14
83 138
84 123
85 158
86 147
87 10
88 18
89 126
90 137
91 42
92 152
93 27
94 30
95 11
96 9
97 140
98 150
99 156
100 33
