200
240

1 21
2 147
3 34
4 155
5 14
6 80
7 82
8 119
9 15
10 87
11 78
12 185
13 94
14 181
15 200
16 110
17 163
18 115
19 171
20 98
21 123
22 174
23 65
24 63
25 62
26 179
27 77
28 79
29 85
30 157
31 39
32 105
33 6
34 182
35 61
36 45
37 60
38 88
39 93
40 164
41 162
42 151
43 141
44 81
45 22
46 64
47 37
48 159
49 46
50 17
51 66
52 173
53 116
54 28
55 187
56 69
57 154
58 102
59 55
60 52
61 178
62 43
63 106
64 99
65 135
66 83
67 156
68 84
69 3
70 113
71 38
72 89
73 54
74 146
75 40
76 128
77 180
78 18
79 127
80 139
81 9
82 33
83 104
84 191
85 76
86 71
87 176
88 56
89 170
90 73
91 100
92 112
93 59
94 186
95 13
96 190
97 35
98 166
99 41
100 195
101 58
102 160
103 161
104 194
105 175
106 169
107 125
108 11
109 144
110 75
111 143
112 7
113 48
114 23
115 74
116 107
117 42
118 53
119 137
120 92
121 10
122 184
123 197
124 72
125 167
126 188
127 108
128 111
129 30
130 152
131 90
132 70
133 189
134 183
135 199
136 145
137 120
138 124
139 126
140 2
141 150
142 50
143 168
144 49
145 86
146 8
147 91
148 193
149 165
150 57
151 36
152 29
153 132
154 5
155 24
156 97
157 12
158 136
159 129
160 196
161 130
162 96
163 177
164 121
165 198
166 142
167 67
168 192
169 140
170 19
171 1
172 27
173 131
174 103
175 51
176 32
177 134
178 101
179 44
180 68
181 20
182 122
183 172
184 95
185 47
186 148
187 26
188 31
189 133
190 114
191 158
192 149
193 117
194 4
195 25
196 153
197 138
198 16
199 118
200 109
