200
224

1 15
2 183
3 34
4 13
5 105
6 74
7 111
8 150
9 48
10 101
11 87
12 110
13 76
14 45
15 190
16 199
17 16
18 146
19 207
20 9
21 91
22 26
23 69
24 154
25 56
26 73
27 90
28 84
29 71
30 126
31 80
32 17
33 147
34 133
35 208
36 42
37 102
38 138
39 119
40 61
41 116
42 96
43 20
44 185
45 86
46 149
47 6
48 10
49 104
50 197
51 189
52 145
53 212
54 72
55 131
56 128
57 28
58 142
59 100
60 187
61 103
62 188
63 114
64 39
65 3
66 109
67 106
68 75
69 164
70 14
71 47
72 89
73 181
74 193
75 210
76 66
77 41
78 167
79 58
80 59
81 67
82 99
83 117
84 130
85 123
86 95
87 200
88 25
89 108
90 137
91 129
92 161
93 63
94 60
95 68
96 134
97 204
98 78
99 30
100 21
101 115
102 62
103 35
104 31
105 51
106 192
107 144
108 22
109 82
110 12
111 148
112 97
113 139
114 2
115 153
116 50
117 19
118 5
119 205
120 79
121 88
122 32
123 36
124 143
125 194
126 206
127 4
128 159
129 37
130 122
131 151
132 182
133 124
134 52
135 121
136 163
137 83
138 165
139 211
140 152
141 125
142 118
143 196
144 120
145 113
146 180
147 77
148 203
149 46
150 81
151 93
152 160
153 92
154 198
155 24
156 168
157 23
158 157
159 55
160 107
161 8
162 85
163 191
164 202
165 127
166 33
167 64
168 98
169 166
170 195
171 40
172 57
173 38
174 49
175 135
176 65
177 132
178 201
179 11
180 27
181 140
182 209
183 94
184 186
185 29
186 184
187 43
188 54
189 53
190 112
191 141
192 18
193 155
194 162
195 1
196 7
197 44
198 156
199 70
200 136
