100
100

1 99
2 84
3 75
4 4
5 88
6 72
7 21
8 20
9 35
10 95
11 56
12 6
13 9
14 19
15 31
16 68
17 63
18 69
19 29
20 3
21 22
22 57
23 7
24 86
25 45
26 82
27 40
28 43
29 38
30 2
31 73
32 39
33 98
34 59
35 11
36 47
37 96
38 50
39 1
40 36
41 93
42 70
43 80
44 34
45 58
46 13
47 42
48 37
49 48
50 62
51 52
52 83
53 51
54 87
55 18
56 71
57 92
58 90
59 46
60 41
61 97
62 77
63 74
64 8
65 24
66 49
67 60
68 61
69 94
70 30
71 66
72 27
73 5
74 78
75 81
76 15
77 44
78 16
79 23
80 12
81 53
82 67
83 17
84 91
85 55
86 65
87 14
88 79
89 32
90 85
91 25
92 33
93 10
94 89
95 100
96 28
97 54
98 64
99 26
100 76
