100
112

1 23
2 61
3 55
4 58
5 35
6 6
7 14
8 74
9 18
10 64
11 108
12 92
13 25
14 21
15 10
16 5
17 20
18 73
19 96
20 46
21 51
22 27
23 93
24 40
25 13
26 91
27 39
28 38
29 80
30 102
31 26
32 112
33 69
34 103
35 50
36 107
37 8
38 68
39 33
40 65
41 101
42 9
43 44
44 60
45 4
46 28
47 7
48 59
49 2
50 97
51 42
52 95
53 32
54 15
55 82
56 70
57 104
58 52
59 12
60 48
61 36
62 77
63 78
64 94
65 83
66 3
67 63
68 37
69 62
70 98
71 22
72 111
73 100
74 47
75 24
76 67
77 34
78 45
79 76
80 81
81 43
82 17
83 56
84 99
85 11
86 16
87 110
88 53
89 71
90 66
91 72
92 84
93 41
94 75
95 54
96 105
97 49
98 19
99 109
100 79
