100
160

1 48
2 104
3 117
4 18
5 136
6 7
7 14
8 143
9 142
10 75
11 11
12 153
13 145
14 134
15 146
16 38
17 112
18 24
19 19
20 20
21 8
22 56
23 105
24 84
25 78
26 150
27 111
28 119
29 44
30 149
31 82
32 106
33 115
34 116
35 49
36 69
37 55
38 39
39 12
40 13
41 139
42 138
43 73
44 137
45 40
46 47
47 144
48 16
49 76
50 140
51 41
52 52
53 71
54 45
55 43
56 21
57 109
58 72
59 110
60 81
61 148
62 152
63 85
64 151
65 17
66 80
67 15
68 103
69 88
70 102
71 68
72 141
73 86
74 9
75 50
76 70
77 74
78 54
79 113
80 114
81 42
82 83
83 23
84 87
85 120
86 25
87 79
88 51
89 37
90 107
91 10
92 108
93 22
94 53
95 135
96 118
97 77
98 46
99 147
100 101
