100
224

1 31
2 30
3 29
4 32
5 33
6 28
7 34
8 35
9 27
10 22
11 23
12 21
13 24
14 20
15 25
16 26
17 19
18 15
19 14
20 13
21 17
22 16
23 12
24 42
25 40
26 18
27 41
28 44
29 39
30 38
31 37
32 45
33 43
34 36
35 8
36 9
37 10
38 7
39 6
40 11
41 51
42 50
43 52
44 49
45 53
46 48
47 54
48 47
49 109
50 55
51 110
52 3
53 4
54 1
55 2
56 87
57 5
58 86
59 88
60 85
61 89
62 84
63 90
64 83
65 91
66 78
67 79
68 77
69 80
70 81
71 76
72 75
73 82
74 71
75 70
76 69
77 72
78 73
79 68
80 74
81 95
82 97
83 96
84 98
85 111
86 99
87 94
88 93
89 100
90 101
91 64
92 65
93 63
94 66
95 62
96 67
97 107
98 106
99 105
100 108
