100
200

1 75
2 49
3 15
4 81
5 16
6 33
7 20
8 78
9 61
10 30
11 7
12 70
13 24
14 18
15 28
16 26
17 17
18 80
19 10
20 77
21 22
22 68
23 73
24 40
25 1
26 87
27 50
28 52
29 42
30 85
31 29
32 37
33 72
34 94
35 65
36 44
37 25
38 38
39 23
40 45
41 86
42 96
43 11
44 66
45 31
46 76
47 57
48 95
49 27
50 90
51 53
52 88
53 41
54 12
55 67
56 6
57 93
58 74
59 2
60 62
61 13
62 59
63 82
64 14
65 69
66 32
67 36
68 54
69 71
70 48
71 9
72 99
73 55
74 56
75 91
76 39
77 46
78 34
79 63
80 60
81 51
82 8
83 83
84 97
85 3
86 4
87 98
88 21
89 58
90 43
91 84
92 64
93 5
94 89
95 47
96 92
97 79
98 19
99 35
100 100
