200
364

1 1
2 2
3 3
4 4
5 5
6 6
7 7
8 8
9 9
10 10
11 12
12 13
13 14
14 15
15 17
16 16
17 18
18 20
19 19
20 21
21 11
22 24
23 26
24 23
25 27
26 25
27 28
28 29
29 22
30 30
31 31
32 41
33 32
34 42
35 33
36 38
37 40
38 39
39 37
40 36
41 35
42 43
43 44
44 45
45 46
46 34
47 48
48 50
49 49
50 51
51 52
52 55
53 53
54 56
55 54
56 59
57 57
58 58
59 47
60 60
61 62
62 63
63 64
64 65
65 66
66 68
67 67
68 69
69 72
70 70
71 71
72 73
73 74
74 61
75 75
76 77
77 78
78 79
79 80
80 81
81 82
82 83
83 84
84 85
85 86
86 87
87 88
88 89
89 90
90 91
91 76
92 92
93 93
94 94
95 95
96 96
97 97
98 98
99 99
100 100
101 101
102 103
103 106
104 108
105 104
106 105
107 107
108 109
109 102
110 111
111 110
112 112
113 114
114 115
115 116
116 117
117 118
118 121
119 119
120 122
121 120
122 123
123 113
124 128
125 130
126 124
127 127
128 126
129 129
130 131
131 132
132 136
133 133
134 135
135 134
136 125
137 137
138 139
139 140
140 141
141 142
142 143
143 144
144 145
145 146
146 148
147 138
148 147
149 149
150 150
151 151
152 153
153 154
154 155
155 159
156 156
157 157
158 158
159 161
160 162
161 160
162 164
163 163
164 165
165 152
166 166
167 168
168 170
169 169
170 171
171 172
172 173
173 174
174 175
175 176
176 178
177 177
178 179
179 180
180 167
181 181
182 182
183 183
184 184
185 185
186 186
187 187
188 188
189 189
190 190
191 191
192 197
193 201
194 196
195 195
196 194
197 198
198 199
199 200
200 193
