200
324

1 38
2 193
3 67
4 51
5 104
6 56
7 149
8 91
9 32
10 110
11 53
12 114
13 98
14 11
15 170
16 140
17 126
18 106
19 182
20 73
21 77
22 69
23 83
24 137
25 61
26 79
27 46
28 5
29 181
30 177
31 108
32 85
33 117
34 118
35 183
36 22
37 20
38 146
39 18
40 116
41 199
42 82
43 131
44 176
45 43
46 173
47 68
48 84
49 58
50 136
51 134
52 120
53 156
54 81
55 121
56 92
57 13
58 194
59 54
60 178
61 8
62 186
63 189
64 3
65 75
66 87
67 26
68 198
69 127
70 99
71 30
72 29
73 165
74 28
75 187
76 34
77 15
78 150
79 141
80 105
81 6
82 153
83 142
84 115
85 143
86 42
87 166
88 39
89 12
90 128
91 148
92 158
93 100
94 50
95 88
96 112
97 195
98 64
99 2
100 66
101 157
102 125
103 45
104 1
105 52
106 190
107 96
108 101
109 16
110 49
111 71
112 154
113 70
114 33
115 132
116 78
117 113
118 25
119 180
120 10
121 31
122 17
123 48
124 57
125 174
126 184
127 76
128 122
129 94
130 147
131 144
132 119
133 124
134 93
135 169
136 133
137 97
138 161
139 200
140 164
141 139
142 160
143 172
144 80
145 197
146 167
147 44
148 171
149 27
150 129
151 7
152 151
153 23
154 138
155 24
156 192
157 55
158 163
159 9
160 36
161 74
162 41
163 185
164 168
165 102
166 63
167 65
168 90
169 162
170 179
171 4
172 62
173 40
174 21
175 135
176 109
177 155
178 175
179 72
180 47
181 130
182 196
183 111
184 14
185 37
186 188
187 19
188 59
189 89
190 191
191 103
192 95
193 159
194 152
195 145
196 35
197 60
198 123
199 86
200 107
