200
224

1 57
2 205
3 184
4 39
5 212
6 157
7 83
8 193
9 17
10 32
11 196
12 29
13 92
14 27
15 117
16 138
17 182
18 207
19 178
20 124
21 174
22 52
23 128
24 140
25 33
26 40
27 194
28 107
29 201
30 6
31 189
32 73
33 211
34 111
35 94
36 31
37 199
38 155
39 104
40 113
41 139
42 191
43 43
44 82
45 49
46 74
47 10
48 115
49 30
50 209
51 200
52 69
53 110
54 60
55 63
56 210
57 37
58 197
59 134
60 18
61 85
62 96
63 114
64 175
65 81
66 9
67 80
68 19
69 221
70 34
71 95
72 98
73 58
74 50
75 208
76 53
77 28
78 23
79 26
80 14
81 97
82 35
83 135
84 86
85 121
86 75
87 101
88 217
89 11
90 72
91 129
92 116
93 120
94 176
95 187
96 183
97 61
98 66
99 223
100 59
101 103
102 165
103 84
104 163
105 198
106 142
107 179
108 133
109 136
110 164
111 41
112 68
113 93
114 213
115 67
116 148
117 79
118 78
119 166
120 76
121 160
122 71
123 218
124 130
125 15
126 16
127 25
128 70
129 161
130 141
131 137
132 62
133 106
134 51
135 7
136 186
137 220
138 149
139 54
140 146
141 202
142 159
143 143
144 91
145 64
146 153
147 42
148 44
149 99
150 181
151 145
152 144
153 162
154 216
155 21
156 88
157 147
158 20
159 89
160 125
161 132
162 127
163 192
164 22
165 206
166 154
167 126
168 100
169 38
170 109
171 156
172 167
173 222
174 105
175 152
176 118
177 108
178 119
179 180
180 177
181 13
182 188
183 195
184 190
185 185
186 90
187 8
188 150
189 77
190 151
191 12
192 65
193 24
194 219
195 131
196 87
197 48
198 203
199 122
200 123
