200
224

1 54
2 156
3 75
4 180
5 92
6 210
7 3
8 145
9 121
10 189
11 19
12 160
13 149
14 164
15 132
16 70
17 175
18 81
19 80
20 32
21 185
22 213
23 208
24 71
25 182
26 109
27 34
28 96
29 49
30 219
31 98
32 192
33 133
34 130
35 14
36 72
37 45
38 183
39 204
40 24
41 125
42 89
43 91
44 7
45 22
46 16
47 124
48 144
49 52
50 15
51 217
52 143
53 4
54 51
55 203
56 120
57 63
58 181
59 83
60 222
61 82
62 141
63 187
64 138
65 107
66 69
67 26
68 38
69 36
70 30
71 212
72 35
73 74
74 99
75 78
76 162
77 165
78 85
79 207
80 86
81 166
82 66
83 209
84 28
85 153
86 188
87 108
88 90
89 64
90 128
91 146
92 18
93 216
94 118
95 105
96 76
97 152
98 223
99 195
100 11
101 23
102 8
103 67
104 47
105 134
106 20
107 88
108 100
109 97
110 6
111 10
112 119
113 190
114 127
115 151
116 101
117 131
118 148
119 135
120 205
121 201
122 177
123 198
124 147
125 154
126 110
127 93
128 150
129 163
130 104
131 220
132 29
133 137
134 73
135 211
136 126
137 77
138 206
139 196
140 27
141 161
142 95
143 178
144 139
145 40
146 42
147 176
148 9
149 197
150 65
151 2
152 140
153 79
154 186
155 21
156 1
157 43
158 159
159 17
160 215
161 157
162 50
163 142
164 68
165 179
166 25
167 84
168 193
169 155
170 199
171 41
172 167
173 129
174 62
175 87
176 191
177 31
178 184
179 44
180 5
181 106
182 122
183 48
184 12
185 94
186 194
187 136
188 13
189 218
190 37
191 55
192 202
193 39
194 111
195 221
196 174
197 53
198 200
199 33
200 103
