100
112

1 36
2 105
3 61
4 75
5 60
6 17
7 6
8 66
9 52
10 104
11 63
12 92
13 46
14 82
15 93
16 91
17 12
18 103
19 80
20 95
21 10
22 41
23 50
24 19
25 109
26 38
27 15
28 5
29 49
30 28
31 16
32 108
33 53
34 102
35 97
36 62
37 89
38 72
39 74
40 23
41 107
42 100
43 54
44 69
45 51
46 7
47 35
48 40
49 71
50 68
51 88
52 70
53 26
54 84
55 42
56 78
57 9
58 45
59 43
60 56
61 64
62 79
63 11
64 83
65 73
66 76
67 21
68 27
69 24
70 8
71 37
72 106
73 99
74 13
75 94
76 44
77 81
78 111
79 22
80 101
81 4
82 65
83 14
84 67
85 48
86 55
87 18
88 90
89 112
90 39
91 47
92 20
93 34
94 96
95 33
96 98
97 77
98 110
99 32
100 25
