200
364

1 21
2 106
3 34
4 161
5 14
6 79
7 85
8 132
9 15
10 104
11 68
12 188
13 96
14 199
15 208
16 73
17 175
18 103
19 168
20 112
21 89
22 187
23 61
24 83
25 69
26 184
27 82
28 119
29 92
30 150
31 39
32 98
33 6
34 173
35 81
36 45
37 60
38 110
39 78
40 172
41 181
42 151
43 155
44 90
45 22
46 209
47 37
48 180
49 46
50 17
51 66
52 190
53 93
54 28
55 191
56 71
57 143
58 94
59 55
60 52
61 185
62 43
63 99
64 75
65 146
66 63
67 148
68 80
69 3
70 113
71 38
72 95
73 54
74 147
75 40
76 130
77 179
78 18
79 121
80 126
81 9
82 33
83 124
84 198
85 62
86 86
87 189
88 56
89 158
90 102
91 74
92 115
93 59
94 201
95 13
96 207
97 35
98 134
99 41
100 170
101 58
102 169
103 156
104 200
105 206
106 152
107 135
108 11
109 178
110 77
111 163
112 7
113 48
114 23
115 84
116 141
117 42
118 53
119 127
120 97
121 10
122 177
123 154
124 70
125 164
126 176
127 131
128 114
129 30
130 137
131 140
132 88
133 197
134 186
135 122
136 139
137 108
138 128
139 109
140 2
141 125
142 50
143 157
144 49
145 91
146 8
147 64
148 196
149 138
150 57
151 36
152 29
153 159
154 5
155 24
156 72
157 12
158 136
159 116
160 210
161 145
162 129
163 174
164 87
165 194
166 162
167 67
168 153
169 144
170 19
171 1
172 27
173 117
174 105
175 51
176 32
177 133
178 100
179 44
180 65
181 20
182 120
183 165
184 101
185 47
186 171
187 26
188 31
189 118
190 111
191 160
192 166
193 195
194 4
195 25
196 142
197 149
198 16
199 123
200 107
