100
144

1 100
2 2
3 5
4 3
5 4
6 6
7 7
8 9
9 10
10 8
11 11
12 12
13 13
14 14
15 15
16 16
17 17
18 18
19 19
20 20
21 21
22 22
23 23
24 24
25 25
26 26
27 27
28 28
29 29
30 30
31 31
32 33
33 32
34 34
35 35
36 36
37 37
38 38
39 39
40 40
41 41
42 42
43 43
44 44
45 45
46 49
47 46
48 50
49 47
50 51
51 48
52 52
53 53
54 57
55 54
56 58
57 55
58 56
59 61
60 59
61 60
62 62
63 63
64 64
65 65
66 66
67 67
68 68
69 69
70 70
71 71
72 73
73 72
74 74
75 75
76 77
77 76
78 78
79 79
80 80
81 81
82 82
83 83
84 84
85 85
86 86
87 89
88 87
89 88
90 90
91 93
92 94
93 97
94 91
95 92
96 95
97 98
98 96
99 1
100 99
