100
231

1 107
2 170
3 130
4 78
5 41
6 6
7 205
8 68
9 9
10 13
11 33
12 166
13 213
14 174
15 72
16 65
17 10
18 111
19 36
20 46
21 172
22 5
23 141
24 38
25 175
26 176
27 104
28 71
29 138
30 44
31 73
32 103
33 69
34 99
35 64
36 203
37 204
38 34
39 43
40 4
41 168
42 101
43 211
44 177
45 133
46 98
47 206
48 11
49 37
50 167
51 173
52 105
53 209
54 178
55 171
56 110
57 42
58 39
59 76
60 75
61 143
62 74
63 3
64 106
65 14
66 35
67 102
68 144
69 108
70 208
71 131
72 212
73 40
74 7
75 202
76 132
77 15
78 165
79 169
80 96
81 12
82 70
83 142
84 134
85 210
86 8
87 140
88 109
89 100
90 45
91 136
92 135
93 67
94 97
95 207
96 66
97 77
98 139
99 201
100 137
