100
231

1 216
2 23
3 183
4 22
5 150
6 222
7 211
8 213
9 142
10 146
11 187
12 153
13 179
14 118
15 51
16 24
17 45
18 80
19 82
20 49
21 55
22 185
23 21
24 19
25 217
26 76
27 25
28 112
29 154
30 144
31 188
32 176
33 223
34 50
35 152
36 180
37 182
38 79
39 116
40 48
41 145
42 147
43 52
44 56
45 120
46 77
47 75
48 84
49 140
50 46
51 88
52 83
53 220
54 215
55 141
56 109
57 74
58 107
59 16
60 106
61 108
62 53
63 15
64 85
65 47
66 218
67 149
68 143
69 87
70 54
71 78
72 181
73 110
74 117
75 44
76 214
77 175
78 177
79 119
80 113
81 115
82 186
83 178
84 81
85 17
86 20
87 221
88 148
89 14
90 111
91 212
92 184
93 13
94 43
95 219
96 114
97 86
98 121
99 18
100 151
