100
160

1 77
2 112
3 21
4 53
5 141
6 101
7 22
8 116
9 142
10 15
11 52
12 151
13 36
14 99
15 146
16 136
17 14
18 82
19 102
20 140
21 109
22 9
23 83
24 19
25 139
26 135
27 13
28 66
29 38
30 11
31 143
32 113
33 50
34 138
35 72
36 98
37 67
38 86
39 75
40 37
41 69
42 149
43 35
44 42
45 103
46 40
47 47
48 76
49 118
50 80
51 114
52 148
53 10
54 6
55 81
56 85
57 43
58 108
59 106
60 73
61 20
62 7
63 54
64 17
65 137
66 115
67 104
68 46
69 12
70 74
71 84
72 150
73 8
74 117
75 23
76 107
77 41
78 49
79 71
80 48
81 79
82 134
83 39
84 100
85 70
86 145
87 44
88 144
89 111
90 16
91 68
92 18
93 45
94 105
95 110
96 51
97 133
98 78
99 5
100 147
