100
225

1 35
2 118
3 122
4 129
5 42
6 28
7 114
8 71
9 120
10 40
11 102
12 126
13 128
14 74
15 115
16 92
17 116
18 67
19 72
20 18
21 34
22 75
23 68
24 135
25 113
26 134
27 77
28 39
29 33
30 65
31 79
32 20
33 41
34 100
35 66
36 111
37 106
38 89
39 95
40 119
41 31
42 107
43 101
44 38
45 26
46 137
47 104
48 78
49 27
50 76
51 124
52 22
53 25
54 108
55 64
56 94
57 81
58 62
59 112
60 97
61 24
62 82
63 30
64 98
65 133
66 132
67 32
68 117
69 105
70 91
71 17
72 63
73 69
74 23
75 127
76 125
77 44
78 80
79 103
80 29
81 96
82 109
83 83
84 84
85 90
86 130
87 136
88 99
89 37
90 70
91 36
92 131
93 110
94 93
95 43
96 21
97 123
98 121
99 19
100 73
