100
126

1 77
2 100
3 121
4 35
5 102
6 19
7 36
8 72
9 83
10 67
11 53
12 54
13 70
14 114
15 60
16 14
17 33
18 98
19 25
20 40
21 79
22 65
23 23
24 97
25 11
26 10
27 58
28 41
29 112
30 29
31 8
32 13
33 116
34 61
35 51
36 15
37 113
38 101
39 73
40 106
41 50
42 31
43 27
44 82
45 39
46 103
47 20
48 81
49 9
50 28
51 99
52 16
53 92
54 12
55 17
56 107
57 80
58 108
59 111
60 109
61 21
62 119
63 18
64 94
65 56
66 69
67 59
68 32
69 93
70 110
71 57
72 63
73 122
74 26
75 64
76 22
77 95
78 37
79 78
80 96
81 66
82 30
83 124
84 38
85 71
86 123
87 75
88 125
89 68
90 105
91 62
92 52
93 115
94 74
95 126
96 117
97 24
98 120
99 55
100 104
