100
140

1 59
2 63
3 16
4 64
5 45
6 53
7 6
8 74
9 7
10 41
11 21
12 96
13 35
14 11
15 12
16 19
17 46
18 58
19 10
20 66
21 52
22 43
23 90
24 36
25 1
26 101
27 37
28 102
29 70
30 82
31 40
32 29
33 99
34 18
35 50
36 38
37 42
38 51
39 22
40 47
41 94
42 60
43 14
44 76
45 15
46 39
47 33
48 77
49 20
50 83
51 26
52 103
53 30
54 13
55 34
56 72
57 100
58 57
59 2
60 24
61 84
62 56
63 80
64 81
65 44
66 28
67 48
68 54
69 104
70 87
71 9
72 69
73 95
74 27
75 61
76 55
77 31
78 65
79 78
80 67
81 25
82 8
83 85
84 92
85 3
86 4
87 91
88 71
89 32
90 49
91 79
92 88
93 5
94 73
95 23
96 93
97 17
98 75
99 86
100 68
