200
364

1 198
2 29
3 164
4 135
5 5
6 7
7 6
8 86
9 48
10 49
11 223
12 124
13 50
14 15
15 16
16 17
17 18
18 19
19 20
20 140
21 200
22 157
23 24
24 201
25 30
26 26
27 28
28 2
29 96
30 45
31 170
32 22
33 55
34 176
35 46
36 37
37 148
38 214
39 40
40 41
41 42
42 43
43 119
44 27
45 34
46 189
47 35
48 3
49 52
50 102
51 51
52 125
53 54
54 211
55 57
56 58
57 224
58 159
59 60
60 133
61 47
62 63
63 79
64 209
65 120
66 143
67 68
68 32
69 129
70 73
71 44
72 74
73 70
74 14
75 75
76 77
77 78
78 132
79 69
80 103
81 90
82 82
83 83
84 225
85 66
86 88
87 113
88 118
89 89
90 202
91 92
92 64
93 93
94 94
95 95
96 10
97 87
98 98
99 99
100 85
101 101
102 38
103 61
104 105
105 107
106 213
107 147
108 111
109 180
110 109
111 84
112 163
113 112
114 4
115 203
116 67
117 21
118 212
119 53
120 122
121 210
122 121
123 123
124 152
125 136
126 104
127 13
128 165
129 130
130 115
131 39
132 166
133 80
134 126
135 134
136 191
137 131
138 139
139 71
140 36
141 142
142 154
143 144
144 145
145 137
146 117
147 146
148 149
149 23
150 62
151 153
152 127
153 155
154 151
155 226
156 156
157 158
158 31
159 160
160 161
161 162
162 65
163 56
164 116
165 188
166 12
167 168
168 169
169 171
170 114
171 172
172 173
173 175
174 72
175 178
176 174
177 177
178 179
179 100
180 8
181 181
182 9
183 128
184 33
185 138
186 108
187 59
188 222
189 110
190 190
191 81
192 192
193 25
194 150
195 141
196 97
197 106
198 199
199 11
200 1
