100
144

1 93
2 57
3 87
4 125
5 10
6 48
7 44
8 52
9 63
10 54
11 76
12 37
13 12
14 118
15 47
16 84
17 79
18 39
19 38
20 24
21 45
22 77
23 27
24 19
25 69
26 104
27 58
28 67
29 60
30 95
31 98
32 21
33 53
34 96
35 55
36 71
37 46
38 22
39 103
40 64
41 94
42 41
43 97
44 62
45 78
46 25
47 49
48 65
49 72
50 51
51 90
52 107
53 42
54 43
55 126
56 20
57 85
58 101
59 70
60 132
61 119
62 89
63 86
64 102
65 26
66 50
67 92
68 66
69 127
70 56
71 82
72 59
73 121
74 131
75 13
76 16
77 68
78 23
79 91
80 106
81 73
82 83
83 108
84 105
85 75
86 81
87 124
88 40
89 15
90 14
91 11
92 61
93 18
94 100
95 99
96 120
97 74
98 80
99 17
100 88
