200
200

1 194
2 193
3 3
4 4
5 7
6 6
7 8
8 9
9 12
10 13
11 14
12 10
13 17
14 11
15 5
16 15
17 18
18 19
19 16
20 22
21 20
22 23
23 26
24 24
25 21
26 25
27 28
28 27
29 29
30 32
31 31
32 33
33 34
34 30
35 35
36 37
37 38
38 39
39 36
40 40
41 42
42 41
43 44
44 43
45 45
46 47
47 48
48 46
49 49
50 50
51 51
52 52
53 53
54 57
55 56
56 54
57 58
58 59
59 64
60 55
61 62
62 60
63 63
64 61
65 65
66 67
67 68
68 66
69 72
70 69
71 70
72 73
73 74
74 75
75 71
76 76
77 77
78 78
79 82
80 81
81 83
82 79
83 84
84 80
85 85
86 87
87 88
88 89
89 86
90 90
91 92
92 93
93 94
94 95
95 91
96 97
97 96
98 99
99 98
100 100
101 101
102 102
103 112
104 103
105 107
106 106
107 108
108 109
109 120
110 111
111 113
112 104
113 114
114 110
115 105
116 117
117 115
118 116
119 118
120 119
121 124
122 123
123 125
124 126
125 121
126 122
127 127
128 128
129 132
130 131
131 133
132 129
133 134
134 130
135 135
136 137
137 139
138 136
139 138
140 140
141 141
142 144
143 143
144 142
145 147
146 148
147 145
148 149
149 146
150 150
151 151
152 152
153 153
154 158
155 154
156 157
157 156
158 159
159 162
160 163
161 167
162 165
163 161
164 160
165 164
166 155
167 168
168 166
169 170
170 169
171 172
172 173
173 174
174 171
175 175
176 176
177 177
178 178
179 182
180 183
181 181
182 179
183 184
184 180
185 186
186 185
187 187
188 2
189 188
190 189
191 197
192 1
193 190
194 192
195 191
196 195
197 198
198 196
199 200
200 199
