200
364

1 276
2 205
3 292
4 18
5 15
6 237
7 318
8 324
9 287
10 269
11 196
12 277
13 199
14 206
15 203
16 313
17 264
18 183
19 280
20 201
21 359
22 186
23 319
24 230
25 38
26 192
27 307
28 190
29 274
30 27
31 12
32 356
33 23
34 235
35 204
36 22
37 218
38 239
39 250
40 321
41 40
42 222
43 336
44 261
45 11
46 282
47 346
48 248
49 311
50 325
51 327
52 312
53 245
54 294
55 197
56 214
57 228
58 288
59 220
60 320
61 36
62 234
63 240
64 341
65 291
66 314
67 300
68 342
69 304
70 37
71 225
72 301
73 285
74 263
75 254
76 213
77 41
78 358
79 279
80 262
81 195
82 335
83 184
84 330
85 329
86 241
87 13
88 211
89 297
90 351
91 323
92 39
93 223
94 345
95 28
96 189
97 16
98 216
99 310
100 362
101 24
102 231
103 354
104 253
105 5
106 326
107 226
108 191
109 265
110 293
111 268
112 17
113 42
114 188
115 299
116 249
117 236
118 2
119 215
120 305
121 340
122 193
123 353
124 284
125 1
126 309
127 281
128 355
129 210
130 303
131 316
132 322
133 29
134 271
135 25
136 338
137 244
138 212
139 30
140 3
141 296
142 209
143 328
144 14
145 26
146 221
147 337
148 198
149 6
150 357
151 283
152 295
153 227
154 202
155 233
156 302
157 255
158 232
159 275
160 344
161 224
162 246
163 247
164 256
165 187
166 331
167 242
168 360
169 7
170 219
171 298
172 217
173 352
174 343
175 252
176 194
177 290
178 270
179 332
180 229
181 200
182 339
183 238
184 208
185 278
186 267
187 308
188 35
189 4
190 185
191 266
192 306
193 315
194 317
195 251
196 289
197 260
198 286
199 207
200 361
