100
240

1 72
2 50
3 21
4 37
5 46
6 53
7 11
8 79
9 12
10 85
11 55
12 74
13 63
14 41
15 10
16 9
17 40
18 78
19 15
20 25
21 22
22 70
23 86
24 6
25 1
26 26
27 61
28 29
29 30
30 88
31 52
32 54
33 59
34 100
35 34
36 16
37 20
38 68
39 56
40 49
41 96
42 42
43 33
44 76
45 19
46 24
47 32
48 92
49 8
50 39
51 44
52 97
53 31
54 7
55 77
56 57
57 90
58 51
59 2
60 45
61 89
62 48
63 36
64 87
65 47
66 69
67 18
68 43
69 58
70 82
71 14
72 65
73 95
74 98
75 64
76 17
77 66
78 38
79 101
80 80
81 27
82 13
83 75
84 102
85 3
86 4
87 81
88 99
89 23
90 35
91 84
92 71
93 5
94 73
95 62
96 91
97 28
98 60
99 67
100 83
