100
140

1 1
2 2
3 3
4 4
5 5
6 7
7 8
8 9
9 6
10 10
11 11
12 15
13 17
14 12
15 14
16 13
17 16
18 18
19 20
20 21
21 24
22 22
23 19
24 23
25 26
26 25
27 31
28 30
29 32
30 33
31 29
32 28
33 34
34 102
35 104
36 36
37 37
38 38
39 39
40 40
41 42
42 45
43 43
44 44
45 41
46 46
47 49
48 51
49 48
50 50
51 47
52 52
53 53
54 55
55 56
56 57
57 58
58 59
59 67
60 60
61 54
62 61
63 66
64 65
65 62
66 64
67 63
68 71
69 68
70 69
71 103
72 72
73 73
74 74
75 75
76 77
77 79
78 78
79 80
80 76
81 81
82 83
83 84
84 85
85 86
86 87
87 82
88 88
89 90
90 91
91 92
92 93
93 94
94 95
95 89
96 96
97 98
98 99
99 101
100 100
