200
200

1 39
2 188
3 163
4 124
5 121
6 48
7 11
8 105
9 114
10 6
11 60
12 168
13 19
14 52
15 174
16 131
17 191
18 42
19 85
20 63
21 28
22 100
23 23
24 158
25 73
26 80
27 21
28 112
29 15
30 142
31 59
32 138
33 155
34 44
35 189
36 150
37 9
38 132
39 183
40 79
41 101
42 67
43 107
44 129
45 62
46 29
47 31
48 126
49 115
50 159
51 170
52 43
53 156
54 69
55 72
56 120
57 1
58 199
59 130
60 143
61 70
62 192
63 182
64 8
65 33
66 64
67 45
68 116
69 108
70 4
71 37
72 128
73 2
74 30
75 181
76 47
77 10
78 118
79 148
80 77
81 83
82 166
83 127
84 56
85 134
86 35
87 152
88 34
89 57
90 173
91 157
92 125
93 20
94 41
95 76
96 111
97 186
98 68
99 12
100 18
101 171
102 140
103 87
104 13
105 46
106 184
107 94
108 96
109 98
110 82
111 55
112 161
113 164
114 3
115 104
116 81
117 106
118 195
119 177
120 75
121 137
122 14
123 58
124 25
125 198
126 154
127 84
128 66
129 110
130 119
131 97
132 90
133 146
134 149
135 175
136 187
137 49
138 169
139 180
140 133
141 151
142 194
143 99
144 32
145 176
146 160
147 123
148 197
149 36
150 103
151 27
152 136
153 40
154 190
155 5
156 185
157 78
158 74
159 51
160 61
161 26
162 113
163 102
164 165
165 122
166 53
167 162
168 153
169 54
170 141
171 7
172 91
173 139
174 16
175 145
176 50
177 167
178 172
179 95
180 88
181 109
182 193
183 93
184 200
185 38
186 179
187 22
188 196
189 17
190 178
191 65
192 71
193 144
194 92
195 147
196 89
197 135
198 117
199 86
200 24
