200
240

1 219
2 239
3 34
4 75
5 204
6 98
7 36
8 23
9 190
10 236
11 6
12 74
13 14
14 217
15 3
16 40
17 232
18 160
19 63
20 68
21 45
22 64
23 229
24 195
25 108
26 97
27 7
28 16
29 22
30 100
31 59
32 58
33 234
34 77
35 76
36 83
37 35
38 33
39 32
40 20
41 134
42 233
43 4
44 85
45 61
46 226
47 224
48 69
49 188
50 135
51 145
52 202
53 38
54 203
55 228
56 94
57 149
58 26
59 198
60 237
61 156
62 172
63 12
64 216
65 114
66 159
67 67
68 191
69 93
70 56
71 18
72 181
73 28
74 189
75 199
76 19
77 8
78 205
79 200
80 5
81 62
82 116
83 27
84 96
85 71
86 213
87 208
88 10
89 82
90 90
91 84
92 171
93 238
94 46
95 104
96 88
97 57
98 231
99 29
100 86
101 103
102 206
103 106
104 37
105 194
106 118
107 222
108 52
109 220
110 136
111 87
112 162
113 2
114 92
115 102
116 13
117 174
118 49
119 192
120 31
121 99
122 117
123 158
124 91
125 48
126 161
127 101
128 72
129 215
130 110
131 105
132 230
133 137
134 15
135 119
136 44
137 53
138 42
139 132
140 79
141 1
142 196
143 144
144 17
145 89
146 147
147 209
148 43
149 184
150 51
151 109
152 30
153 212
154 143
155 39
156 50
157 66
158 183
159 11
160 9
161 214
162 113
163 70
164 41
165 148
166 197
167 221
168 65
169 24
170 170
171 80
172 115
173 81
174 55
175 182
176 235
177 157
178 112
179 210
180 175
181 73
182 211
183 21
184 95
185 111
186 186
187 187
188 78
189 185
190 25
191 173
192 223
193 146
194 225
195 218
196 207
197 201
198 54
199 133
200 193
