100
224

1 49
2 74
3 13
4 73
5 43
6 16
7 32
8 81
9 40
10 79
11 24
12 77
13 105
14 87
15 35
16 15
17 42
18 65
19 19
20 8
21 53
22 2
23 106
24 34
25 31
26 48
27 85
28 88
29 80
30 95
31 46
32 10
33 45
34 51
35 1
36 25
37 22
38 4
39 86
40 108
41 100
42 23
43 6
44 68
45 14
46 26
47 21
48 97
49 17
50 55
51 3
52 67
53 54
54 33
55 76
56 91
57 94
58 7
59 30
60 44
61 101
62 93
63 70
64 64
65 75
66 9
67 50
68 36
69 96
70 82
71 20
72 109
73 69
74 66
75 38
76 83
77 47
78 84
79 99
80 72
81 52
82 39
83 37
84 63
85 29
86 28
87 107
88 12
89 11
90 5
91 71
92 62
93 27
94 90
95 89
96 110
97 18
98 41
99 78
100 98
