200
231

1 214
2 124
3 171
4 50
5 170
6 90
7 110
8 106
9 85
10 82
11 15
12 115
13 111
14 73
15 204
16 34
17 121
18 101
19 208
20 141
21 14
22 42
23 217
24 202
25 24
26 213
27 215
28 216
29 114
30 26
31 45
32 146
33 91
34 172
35 191
36 166
37 116
38 36
39 133
40 212
41 43
42 80
43 100
44 118
45 223
46 187
47 16
48 154
49 125
50 184
51 229
52 57
53 221
54 23
55 153
56 104
57 156
58 225
59 8
60 28
61 40
62 137
63 56
64 168
65 20
66 228
67 150
68 185
69 126
70 113
71 222
72 10
73 155
74 17
75 193
76 83
77 157
78 144
79 79
80 66
81 177
82 18
83 176
84 99
85 112
86 147
87 47
88 71
89 109
90 117
91 37
92 81
93 122
94 7
95 174
96 92
97 224
98 38
99 29
100 119
101 48
102 12
103 226
104 123
105 183
106 9
107 27
108 60
109 72
110 139
111 108
112 41
113 210
114 89
115 135
116 107
117 55
118 84
119 134
120 190
121 65
122 189
123 13
124 86
125 39
126 219
127 182
128 209
129 192
130 22
131 194
132 159
133 145
134 4
135 30
136 75
137 25
138 98
139 132
140 143
141 205
142 167
143 179
144 227
145 218
146 206
147 52
148 102
149 70
150 151
151 188
152 54
153 203
154 105
155 87
156 35
157 61
158 78
159 77
160 6
161 131
162 44
163 220
164 103
165 120
166 152
167 181
168 11
169 138
170 59
171 53
172 211
173 207
174 49
175 142
176 180
177 74
178 158
179 169
180 175
181 19
182 140
183 58
184 173
185 21
186 93
187 149
188 136
189 178
190 69
191 88
192 76
193 51
194 97
195 46
196 68
197 5
198 186
199 148
200 67
