200
364

1 23
2 196
3 7
4 73
5 132
6 37
7 111
8 135
9 93
10 13
11 64
12 150
13 57
14 52
15 178
16 129
17 139
18 119
19 170
20 35
21 60
22 45
23 83
24 155
25 101
26 99
27 50
28 24
29 46
30 156
31 133
32 61
33 121
34 120
35 186
36 28
37 43
38 163
39 157
40 110
41 200
42 80
43 115
44 175
45 65
46 145
47 19
48 127
49 59
50 140
51 181
52 14
53 171
54 39
55 85
56 118
57 4
58 201
59 79
60 184
61 89
62 169
63 188
64 94
65 117
66 55
67 36
68 54
69 138
70 103
71 20
72 9
73 143
74 76
75 198
76 128
77 11
78 125
79 108
80 124
81 16
82 149
83 172
84 109
85 113
86 31
87 176
88 77
89 66
90 161
91 131
92 167
93 107
94 95
95 84
96 137
97 190
98 67
99 2
100 123
101 147
102 63
103 6
104 202
105 78
106 187
107 74
108 114
109 75
110 82
111 88
112 130
113 100
114 33
115 153
116 47
117 116
118 58
119 199
120 53
121 10
122 25
123 81
124 42
125 174
126 192
127 27
128 134
129 17
130 168
131 112
132 102
133 151
134 40
135 183
136 142
137 70
138 177
139 164
140 166
141 144
142 162
143 160
144 105
145 189
146 126
147 44
148 179
149 8
150 86
151 98
152 146
153 30
154 154
155 22
156 197
157 26
158 152
159 51
160 56
161 34
162 92
163 185
164 194
165 87
166 32
167 18
168 106
169 180
170 165
171 12
172 21
173 48
174 29
175 49
176 96
177 72
178 159
179 91
180 5
181 104
182 191
183 90
184 1
185 3
186 195
187 62
188 71
189 41
190 173
191 69
192 97
193 136
194 158
195 141
196 15
197 38
198 148
199 68
200 122
